  928
    2    1         1    1      0    0          0.3325D-03      0.35031577D+03      11.685275     16.81
    2    7         1    1      2    0          0.3402D-04      0.20641773D+03      11.685275     16.81
    3    1         1    0      0    0          0.3437D-06      0.47966782D+02       1.599999      2.30
    4    2         1   -1      1    1          0.2621D-11      0.82478013D+00      11.712786     16.85
    4    3         1   -1      1    0          0.3233D-03      0.30317377D+03      11.712786     16.85
    5    4         2   -2      1   -1          0.1357D-02      0.57978952D+03      31.052481     44.68
    5    8         2   -2      2    1          0.4426D-03      0.48550560D+03      31.052481     44.68
    5   12         2   -2      3   -1          0.2984D-04      0.33789657D+03      31.052481     44.68
    6    4         2   -1      1   -1          0.2539D-05      0.96758266D+02      14.940294     21.50
    6    7         2   -1      2    0          0.3260D-03      0.30400077D+03      14.940294     21.50
    6    8         2   -1      2    1          0.2359D-10      0.24743374D+01      14.940294     21.50
    7    3         2    0      1    0          0.3300D-05      0.95931262D+02       4.799921      6.91
    8    2         2    1      1    1          0.2412D-05      0.95108709D+02      14.857759     21.38
    8    3         2    1      1    0          0.4371D-03      0.39745770D+03      14.857759     21.38
    8   13         2    1      3    0          0.1818D-04      0.15763529D+03      14.857759     21.38
    9    2         2    2      1    1          0.1363D-02      0.58061654D+03      31.052555     44.68
    9    5         2    2      2   -2          0.6940D-19      0.22334541D-02      31.052555     44.68
    9    6         2    2      2   -1          0.4359D-03      0.48303349D+03      31.052555     44.68
    9   14         2    2      3    1          0.3117D-04      0.34284747D+03      31.052555     44.68
   10    5         3   -3      2   -2          0.5228D-03      0.39808972D+03      44.331322     63.78
   10   15         3   -3      3    2          0.4763D-04      0.25417908D+03      44.331322     63.78
   10   16         3   -3      3    3          0.4079D-25      0.17987550D-04      44.331322     63.78
   10   19         3   -3      4   -2          0.1003D-06      0.62329583D+02      44.331322     63.78
   11    5         3   -2      2   -2          0.6629D-05      0.14389947D+03      35.852449     51.58
   11    6         3   -2      2   -1          0.1361D-02      0.62693073D+03      35.852449     51.58
   11   14         3   -2      3    1          0.5575D-03      0.48674470D+03      35.852449     51.58
   11   20         3   -2      4   -1          0.2979D-04      0.28828822D+03      35.852449     51.58
   12    6         3   -1      2   -1          0.1088D-04      0.14513468D+03      19.781466     28.46
   12   13         3   -1      3    0          0.3300D-03      0.30524431D+03      19.781466     28.46
   12   14         3   -1      3    1          0.9437D-10      0.49486598D+01      19.781466     28.46
   13    7         3    0      2    0          0.1193D-04      0.14389115D+03       9.599613     13.81
   14    7         3    1      2    0          0.5811D-03      0.44418680D+03      19.616396     28.22
   14    8         3    1      2    1          0.1034D-04      0.14266036D+03      19.616396     28.22
   14   21         3    1      4    0          0.6343D-05      0.10845151D+03      19.616396     28.22
   15    8         3    2      2    1          0.1378D-02      0.62941624D+03      35.852822     51.59
   15    9         3    2      2    2          0.6630D-05      0.14390841D+03      35.852822     51.59
   15   11         3    2      3   -2          0.4341D-17      0.11170269D-01      35.852822     51.59
   15   12         3    2      3   -1          0.5407D-03      0.48180721D+03      35.852822     51.59
   15   22         3    2      4    1          0.3242D-04      0.29654706D+03      35.852822     51.59
   16    9         3    3      2    2          0.5228D-03      0.39808747D+03      44.331322     63.78
   16   11         3    3      3   -2          0.4764D-04      0.25419023D+03      44.331322     63.78
   16   23         3    3      4    2          0.1002D-06      0.62296060D+02      44.331322     63.78
   17   16         4    4      3    3          0.5147D-02      0.82928855D+03      71.993406    103.58
   17   18         4    4      4   -3          0.6010D-03      0.63741376D+03      71.993406    103.58
   17   34         4    4      5    3          0.1620D-04      0.39756806D+03      71.993406    103.58
   18   10         4   -3      3   -3          0.1283D-04      0.19187477D+03      50.731575     72.99
   18   11         4   -3      3   -2          0.6007D-03      0.44606502D+03      50.731575     72.99
   18   23         4   -3      4    2          0.6668D-04      0.25417085D+03      50.731575     72.99
   18   24         4   -3      4    3          0.8394D-23      0.12591285D-03      50.731575     72.99
   18   33         4   -3      5   -2          0.2303D-08      0.14387036D+02      50.731575     72.99
   19   11         4   -2      3   -2          0.2200D-04      0.19186067D+03      42.252232     60.79
   19   12         4   -2      3   -1          0.1478D-02      0.67365671D+03      42.252232     60.79
   19   22         4   -2      4    1          0.6083D-03      0.48839656D+03      42.252232     60.79
   19   30         4   -2      5   -1          0.2093D-04      0.23827236D+03      42.252232     60.79
   20   12         4   -1      3   -1          0.2821D-04      0.19350782D+03      26.236191     37.75
   20   21         4   -1      4    0          0.3354D-03      0.30690799D+03      26.236191     37.75
   20   22         4   -1      4    1          0.2621D-09      0.82476694D+01      26.236191     37.75
   21   13         4    0      3    0          0.2932D-04      0.19184414D+03      15.998844     23.02
   22   13         4    1      3    0          0.7607D-03      0.49050446D+03      25.961078     37.35
   22   14         4    1      3    1          0.2679D-04      0.19020881D+03      25.961078     37.35
   22   31         4    1      5    0          0.1052D-05      0.58872382D+02      25.961078     37.35
   23   14         4    2      3    1          0.1511D-02      0.67863888D+03      42.253349     60.79
   23   15         4    2      3    2          0.2200D-04      0.19188300D+03      42.253349     60.79
   23   19         4    2      4   -2          0.7029D-16      0.33504810D-01      42.253349     60.79
   23   20         4    2      4   -1          0.5781D-03      0.48018240D+03      42.253349     60.79
   23   32         4    2      5    1          0.2437D-04      0.25067705D+03      42.253349     60.79
   24   15         4    3      3    2          0.6007D-03      0.44605373D+03      50.731571     72.99
   24   16         4    3      3    3          0.1283D-04      0.19187466D+03      50.731571     72.99
   24   19         4    3      4   -2          0.6671D-04      0.25420423D+03      50.731571     72.99
   24   29         4    3      5    2          0.2266D-08      0.14308736D+02      50.731571     72.99
   25   10         4   -4      3   -3          0.5147D-02      0.82928853D+03      71.993406    103.58
   25   24         4   -4      4    3          0.6010D-03      0.63741388D+03      71.993406    103.58
   25   28         4   -4      5   -3          0.1620D-04      0.39756756D+03      71.993406    103.58
   26   17         5    5      4    4          0.2852D-01      0.14430005D+04     120.126714    172.84
   26   35         5    5      5   -4          0.3368D-02      0.12031531D+04     120.126714    172.84
   26   47         5    5      6    4          0.1348D-03      0.91532962D+03     120.126714    172.84
   27   17         5    4      4    4          0.2110D-04      0.23984736D+03      79.993852    115.10
   27   24         5    4      4    3          0.5127D-02      0.87726124D+03      79.993852    115.10
   27   28         5    4      5   -3          0.9015D-03      0.63741491D+03      79.993852    115.10
   27   46         5    4      6    3          0.2253D-04      0.34959685D+03      79.993852    115.10
   28   18         5   -3      4   -3          0.3750D-04      0.23984620D+03      58.731982     84.50
   28   19         5   -3      4   -2          0.7123D-03      0.49405056D+03      58.731982     84.50
   28   29         5   -3      5    2          0.7619D-04      0.25415506D+03      58.731982     84.50
   28   34         5   -3      5    3          0.3518D-21      0.50065348D-03      58.731982     84.50
   29   22         5    2      4    1          0.1711D-02      0.72829205D+03      50.254283     72.31
   29   23         5    2      4    2          0.4923D-04      0.23986199D+03      50.254283     72.31
   29   30         5    2      5   -1          0.5920D-03      0.47816785D+03      50.254283     72.31
   29   33         5    2      5   -2          0.5952D-15      0.78173892D-01      50.254283     72.31
   29   42         5    2      6    1          0.1520D-04      0.20524706D+03      50.254283     72.31
   30   20         5   -1      4   -1          0.5770D-04      0.24187653D+03      34.304322     49.36
   30   31         5   -1      5    0          0.3423D-03      0.30899658D+03      34.304322     49.36
   30   32         5   -1      5    1          0.5897D-09      0.12371189D+02      34.304322     49.36
   31   21         5    0      4    0          0.5856D-04      0.23978794D+03      23.997307     34.53
   32   21         5    1      4    0          0.9768D-03      0.53641333D+03      33.891664     48.76
   32   22         5    1      4    1          0.5480D-04      0.23775301D+03      33.891664     48.76
   32   43         5    1      6    0          0.3724D-08      0.89051354D+01      33.891664     48.76
   33   19         5   -2      4   -2          0.4921D-04      0.23981732D+03      50.251675     72.30
   33   20         5   -2      4   -1          0.1653D-02      0.71996621D+03      50.251675     72.30
   33   32         5   -2      5    1          0.6388D-03      0.49046087D+03      50.251675     72.30
   33   44         5   -2      6   -1          0.1165D-04      0.18785003D+03      50.251675     72.30
   34   23         5    3      4    2          0.7122D-03      0.49401655D+03      58.731965     84.50
   34   24         5    3      4    3          0.3750D-04      0.23984583D+03      58.731965     84.50
   34   33         5    3      5   -2          0.7626D-04      0.25423274D+03      58.731965     84.50
   35   18         5   -4      4   -3          0.5127D-02      0.87726111D+03      79.993852    115.10
   35   25         5   -4      4   -4          0.2110D-04      0.23984736D+03      79.993852    115.10
   35   34         5   -4      5    3          0.9015D-03      0.63741541D+03      79.993852    115.10
   35   40         5   -4      6   -3          0.2253D-04      0.34959536D+03      79.993852    115.10
   36   25         5   -5      4   -4          0.2852D-01      0.14430005D+04     120.126714    172.84
   36   27         5   -5      5    4          0.3368D-02      0.12031531D+04     120.126714    172.84
   36   39         5   -5      6   -4          0.1348D-03      0.91532962D+03     120.126714    172.84
   37   26         6    6      5    5          0.3046D-01      0.14584817D+04     168.776419    242.84
   37   48         6    6      6   -5          0.2659D-02      0.11706711D+04     168.776419    242.84
   37   52         6    6      7    5          0.7420D-04      0.83489003D+03     168.776419    242.84
   38   26         6    5      5    5          0.3142D-04      0.28781062D+03     129.727041    186.65
   38   27         6    5      5    4          0.2712D-01      0.14909637D+04     129.727041    186.65
   38   39         6    5      6   -4          0.5292D-02      0.12031402D+04     129.727041    186.65
   38   53         6    5      7    4          0.2496D-03      0.86733700D+03     129.727041    186.65
   39   28         6   -4      5   -3          0.5302D-02      0.92523839D+03      89.594608    128.91
   39   35         6   -4      5   -4          0.5713D-04      0.28782348D+03      89.594608    128.91
   39   46         6   -4      6    3          0.1073D-02      0.63742033D+03      89.594608    128.91
   39   60         6   -4      7   -3          0.2099D-04      0.30162351D+03      89.594608    128.91
   40   28         6   -3      5   -3          0.7712D-04      0.28781956D+03      68.332608     98.32
   40   33         6   -3      5   -2          0.8529D-03      0.54205280D+03      68.332608     98.32
   40   45         6   -3      6    2          0.8161D-04      0.25412817D+03      68.332608     98.32
   40   46         6   -3      6    3          0.6744D-20      0.14989625D-02      68.332608     98.32
   41   28         6   -2      5   -3          0.3366D-07      0.33535062D+02      59.850591     86.11
   41   30         6   -2      5   -1          0.1871D-02      0.76585798D+03      59.850591     86.11
   41   33         6   -2      5   -2          0.9135D-04      0.28776830D+03      59.850591     86.11
   41   42         6   -2      6    1          0.6618D-03      0.49293719D+03      59.850591     86.11
   41   58         6   -2      7   -1          0.4920D-05      0.13702236D+03      59.850591     86.11
   42   31         6    1      5    0          0.1231D-02      0.58191737D+03      43.407979     62.46
   42   32         6    1      5    1          0.9736D-04      0.28529198D+03      43.407979     62.46
   43   31         6    0      5    0          0.1027D-03      0.28772026D+03      33.594621     48.34
   44   30         6   -1      5   -1          0.1025D-03      0.29023965D+03      43.985674     63.29
   44   42         6   -1      6    1          0.1156D-08      0.17318863D+02      43.985674     63.29
   44   43         6   -1      6    0          0.3507D-03      0.31151598D+03      43.985674     63.29
   45   29         6    2      5    2          0.9143D-04      0.28784646D+03      59.855806     86.12
   45   32         6    2      5    1          0.1964D-02      0.77838550D+03      59.855806     86.12
   45   34         6    2      5    3          0.3413D-07      0.33691892D+02      59.855806     86.12
   45   41         6    2      6   -2          0.3400D-14      0.15632980D+00      59.855806     86.12
   45   44         6    2      6   -1          0.5950D-03      0.47577465D+03      59.855806     86.12
   45   56         6    2      7    1          0.7873D-05      0.16026876D+03      59.855806     86.12
   46   29         6    3      5    2          0.8525D-03      0.54197312D+03      68.332558     98.32
   46   34         6    3      5    3          0.7712D-04      0.28781856D+03      68.332558     98.32
   46   41         6    3      6   -2          0.8176D-04      0.25428300D+03      68.332558     98.32
   47   27         6    4      5    4          0.5713D-04      0.28782348D+03      89.594609    128.91
   47   34         6    4      5    3          0.5302D-02      0.92523890D+03      89.594609    128.91
   47   39         6    4      6   -4          0.7673D-27      0.59958501D-05      89.594609    128.91
   47   40         6    4      6   -3          0.1073D-02      0.63741884D+03      89.594609    128.91
   47   54         6    4      7    3          0.2099D-04      0.30162726D+03      89.594609    128.91
   48   35         6   -5      5   -4          0.2712D-01      0.14909637D+04     129.727041    186.65
   48   36         6   -5      5   -5          0.3142D-04      0.28781062D+03     129.727041    186.65
   48   47         6   -5      6    4          0.5292D-02      0.12031402D+04     129.727041    186.65
   48   61         6   -5      7   -4          0.2496D-03      0.86733702D+03     129.727041    186.65
   49   36         6   -6      5   -5          0.3046D-01      0.14584817D+04     168.776419    242.84
   49   38         6   -6      6    5          0.2659D-02      0.11706711D+04     168.776419    242.84
   49   62         6   -6      7   -5          0.7420D-04      0.83489003D+03     168.776419    242.84
   50   37         7    7      6    6          0.2764D-01      0.14007416D+04     215.500122    310.06
   50   63         7    7      7   -6          0.1752D-02      0.10649679D+04     215.500122    310.06
   50   67         7    7      8    6          0.3057D-04      0.68122904D+03     215.500122    310.06
   51   37         7    6      6    6          0.4380D-04      0.33577368D+03     179.976622    258.95
   51   38         7    6      6    5          0.2947D-01      0.15064447D+04     179.976622    258.95
   51   62         7    6      7   -5          0.4321D-02      0.11706637D+04     179.976622    258.95
   51   68         7    6      8    5          0.1413D-03      0.78691136D+03     179.976622    258.95
   52   38         7    5      6    5          0.8086D-04      0.33578103D+03     140.927489    202.77
   52   47         7    5      6    4          0.2658D-01      0.15389213D+04     140.927489    202.77
   52   61         7    5      7   -4          0.6495D-02      0.12031180D+04     140.927489    202.77
   52   69         7    5      8    4          0.3191D-03      0.81933080D+03     140.927489    202.77
   53   46         7    4      6    3          0.5602D-02      0.97322357D+03     100.795797    145.02
   53   47         7    4      6    4          0.1112D-03      0.33580324D+03     100.795797    145.02
   53   60         7    4      7   -3          0.1181D-02      0.63742675D+03     100.795797    145.02
   53   61         7    4      7   -4          0.8992D-26      0.14989625D-04     100.795797    145.02
   53   76         7    4      8    3          0.1578D-04      0.25366096D+03     100.795797    145.02
   54   45         7    3      6    2          0.1021D-02      0.58991974D+03      79.533407    114.43
   54   46         7    3      6    3          0.1348D-03      0.33579307D+03      79.533407    114.43
   54   55         7    3      7   -2          0.8525D-04      0.25436360D+03      79.533407    114.43
   55   40         7   -2      6   -3          0.5966D-06      0.81427972D+02      71.048752    102.22
   55   41         7   -2      6   -2          0.1515D-03      0.33571247D+03      71.048752    102.22
   55   44         7   -2      6   -1          0.2125D-02      0.81133079D+03      71.048752    102.22
   55   56         7   -2      7    1          0.6819D-03      0.49582490D+03      71.048752    102.22
   55   72         7   -2      8   -1          0.1282D-05      0.85790645D+02      71.048752    102.22
   56   42         7    1      6    1          0.1575D-03      0.33282476D+03      54.509816     78.43
   56   43         7    1      6    0          0.1525D-02      0.62702187D+03      54.509816     78.43
   57   42         7    0      6    1          0.3303D-06      0.41441696D+02      44.790325     64.44
   57   43         7    0      6    0          0.1649D-03      0.33563881D+03      44.790325     64.44
   58   44         7   -1      6   -1          0.1658D-03      0.33859596D+03      55.280018     79.54
   58   56         7   -1      7    1          0.2054D-08      0.23090066D+02      55.280018     79.54
   58   57         7   -1      7    0          0.3608D-03      0.31447313D+03      55.280018     79.54
   59   42         7    2      6    1          0.2266D-02      0.82893101D+03      71.058137    102.24
   59   45         7    2      6    2          0.1517D-03      0.33583749D+03      71.058137    102.24
   59   46         7    2      6    3          0.6028D-06      0.81710823D+02      71.058137    102.24
   59   55         7    2      7   -2          0.1486D-13      0.28135226D+00      71.058137    102.24
   59   58         7    2      7   -1          0.5921D-03      0.47301618D+03      71.058137    102.24
   59   74         7    2      8    1          0.3149D-05      0.11575580D+03      71.058137    102.24
   60   40         7   -3      6   -3          0.1348D-03      0.33579532D+03      79.533533    114.43
   60   41         7   -3      6   -2          0.1022D-02      0.59007982D+03      79.533533    114.43
   60   54         7   -3      7    3          0.7922D-19      0.37504042D-02      79.533533    114.43
   60   59         7   -3      7    2          0.8497D-04      0.25408600D+03      79.533533    114.43
   61   39         7   -4      6   -4          0.1112D-03      0.33580323D+03     100.795797    145.02
   61   40         7   -4      6   -3          0.5602D-02      0.97322206D+03     100.795797    145.02
   61   54         7   -4      7    3          0.1181D-02      0.63743048D+03     100.795797    145.02
   61   70         7   -4      8   -3          0.1578D-04      0.25365269D+03     100.795797    145.02
   62   39         7   -5      6   -4          0.2658D-01      0.15389213D+04     140.927489    202.77
   62   48         7   -5      6   -5          0.8086D-04      0.33578103D+03     140.927489    202.77
   62   53         7   -5      7    4          0.6495D-02      0.12031180D+04     140.927489    202.77
   62   77         7   -5      8   -4          0.3191D-03      0.81933085D+03     140.927489    202.77
   63   48         7   -6      6   -5          0.2947D-01      0.15064447D+04     179.976622    258.95
   63   49         7   -6      6   -6          0.4380D-04      0.33577368D+03     179.976622    258.95
   63   52         7   -6      7    5          0.4321D-02      0.11706637D+04     179.976622    258.95
   63   78         7   -6      8   -5          0.1413D-03      0.78691136D+03     179.976622    258.95
   64   49         7   -7      6   -6          0.2764D-01      0.14007416D+04     215.500122    310.06
   64   51         7   -7      7    6          0.1752D-02      0.10649679D+04     215.500122    310.06
   64   79         7   -7      8   -6          0.3057D-04      0.68122904D+03     215.500122    310.06
   65   50         8    8      7    7          0.7917D-01      0.19775213D+04     281.463123    404.97
   65   80         8    8      8   -7          0.5219D-02      0.15937782D+04     281.463123    404.97
   65   84         8    8      9    7          0.1190D-03      0.11620688D+04     281.463123    404.97
   66   50         8    7      7    7          0.5824D-04      0.38374308D+03     228.300412    328.48
   66   51         8    7      7    6          0.2724D-01      0.14487110D+04     228.300412    328.48
   66   79         8    7      8   -6          0.2920D-02      0.10649721D+04     228.300412    328.48
   66   85         8    7      9    6          0.5778D-04      0.63326908D+03     228.300412    328.48
   67   51         8    6      7    6          0.1087D-03      0.38373886D+03     192.776771    277.37
   67   52         8    6      7    5          0.2916D-01      0.15544026D+04     192.776771    277.37
   67   78         8    6      8   -5          0.5429D-02      0.11706502D+04     192.776771    277.37
   67   96         8    6      9    5          0.1836D-03      0.73892551D+03     192.776771    277.37
   68   52         8    5      7    5          0.1514D-03      0.38375235D+03     153.728088    221.18
   68   53         8    5      7    4          0.2659D-01      0.15868704D+04     153.728088    221.18
   68   77         8    5      8   -4          0.7296D-02      0.12030832D+04     153.728088    221.18
   68   87         8    5      9    4          0.3480D-03      0.77130707D+03     153.728088    221.18
   69   53         8    4      7    4          0.1864D-03      0.38378723D+03     113.597560    163.44
   69   54         8    4      7    3          0.5997D-02      0.10212177D+04     113.597560    163.44
   69   70         8    4      8   -3          0.1252D-02      0.63743994D+03     113.597560    163.44
   69   77         8    4      8   -4          0.2292D-24      0.47966800D-04     113.597560    163.44
   69   94         8    4      9    3          0.9901D-05      0.20570012D+03     113.597560    163.44
   70   55         8   -3      7   -2          0.1219D-02      0.63814139D+03      92.334855    132.85
   70   60         8   -3      7   -3          0.2136D-03      0.38377404D+03      92.334855    132.85
   70   71         8   -3      8    2          0.8717D-04      0.25402388D+03      92.334855    132.85
   70   76         8   -3      8    3          0.6559D-18      0.82502896D-02      92.334855    132.85
   71   54         8    2      7    3          0.2796D-05      0.12975391D+03      83.861531    120.66
   71   56         8    2      7    1          0.2616D-02      0.87994241D+03      83.861531    120.66
   71   59         8    2      7    2          0.2331D-03      0.38383616D+03      83.861531    120.66
   71   72         8    2      8   -1          0.5852D-03      0.46990816D+03      83.861531    120.66
   71   75         8    2      8   -2          0.5349D-13      0.46880952D+00      83.861531    120.66
   71   92         8    2      9    1          0.7834D-06      0.71723752D+02      83.861531    120.66
   72   58         8   -1      7   -1          0.2508D-03      0.38694419D+03      68.187085     98.11
   72   73         8   -1      8    0          0.3727D-03      0.31787599D+03      68.187085     98.11
   72   74         8   -1      8    1          0.3394D-08      0.29683801D+02      68.187085     98.11
   73   56         8    0      7    1          0.3739D-05      0.92158259D+02      57.583884     82.85
   73   57         8    0      7    0          0.2481D-03      0.38354132D+03      57.583884     82.85
   74   56         8    1      7    1          0.2382D-03      0.38035045D+03      67.196940     96.68
   74   57         8    1      7    0          0.1862D-02      0.67173351D+03      67.196940     96.68
   75   55         8   -2      7   -2          0.2328D-03      0.38364870D+03      83.845894    120.64
   75   58         8   -2      7   -1          0.2411D-02      0.85638354D+03      83.845894    120.64
   75   60         8   -2      7   -3          0.2765D-05      0.12928135D+03      83.845894    120.64
   75   74         8   -2      8    1          0.7013D-03      0.49912315D+03      83.845894    120.64
   75   90         8   -2      9   -1          0.8461D-07      0.34156379D+02      83.845894    120.64
   76   54         8    3      7    3          0.2136D-03      0.38376954D+03      92.334580    132.85
   76   59         8    3      7    2          0.1218D-02      0.63785179D+03      92.334580    132.85
   76   75         8    3      8   -2          0.8764D-04      0.25448444D+03      92.334580    132.85
   77   60         8   -4      7   -3          0.5997D-02      0.10212139D+04     113.597558    163.44
   77   61         8   -4      7   -4          0.1864D-03      0.38378720D+03     113.597558    163.44
   77   76         8   -4      8    3          0.1252D-02      0.63744814D+03     113.597558    163.44
   77   88         8   -4      9   -3          0.9898D-05      0.20568357D+03     113.597558    163.44
   78   61         8   -5      7   -4          0.2659D-01      0.15868704D+04     153.728088    221.18
   78   62         8   -5      7   -5          0.1514D-03      0.38375235D+03     153.728088    221.18
   78   69         8   -5      8    4          0.7296D-02      0.12030831D+04     153.728088    221.18
   78   95         8   -5      9   -4          0.3480D-03      0.77130720D+03     153.728088    221.18
   79   62         8   -6      7   -5          0.2916D-01      0.15544026D+04     192.776771    277.37
   79   63         8   -6      7   -6          0.1087D-03      0.38373886D+03     192.776771    277.37
   79   68         8   -6      8    5          0.5429D-02      0.11706502D+04     192.776771    277.37
   79   86         8   -6      9   -5          0.1836D-03      0.73892551D+03     192.776771    277.37
   80   63         8   -7      7   -6          0.2724D-01      0.14487110D+04     228.300412    328.48
   80   64         8   -7      7   -7          0.5824D-04      0.38374308D+03     228.300412    328.48
   80   67         8   -7      8    6          0.2920D-02      0.10649721D+04     228.300412    328.48
   80   97         8   -7      9   -6          0.5778D-04      0.63326908D+03     228.300412    328.48
   81   64         8   -8      7   -7          0.7917D-01      0.19775213D+04     281.463123    404.97
   81   66         8   -8      8    7          0.5219D-02      0.15937782D+04     281.463123    404.97
   81   98         8   -8      9   -7          0.1190D-03      0.11620688D+04     281.463123    404.97
   82   65         9    9      8    8          0.1572D+00      0.24737964D+04     363.980079    523.69
   82   99         9    9      9   -8          0.9880D-02      0.20420803D+04     363.980079    523.69
   82  103         9    9     10    8          0.2329D-03      0.15623934D+04     363.980079    523.69
   83   65         9    8      8    8          0.7474D-04      0.43171616D+03     295.863623    425.69
   83   66         9    8      8    7          0.7668D-01      0.20254944D+04     295.863623    425.69
   83   98         9    8      9   -7          0.8873D-02      0.15937850D+04     295.863623    425.69
   83  104         9    8     10    7          0.2533D-03      0.11141098D+04     295.863623    425.69
   84   66         9    7      8    7          0.1407D-03      0.43170939D+03     242.700685    349.20
   84   67         9    7      8    6          0.2730D-01      0.14966815D+04     242.700685    349.20
   84   97         9    7      9   -6          0.3737D-02      0.10649785D+04     242.700685    349.20
   84  105         9    7     10    6          0.7347D-04      0.58531235D+03     242.700685    349.20
   85   67         9    6      8    6          0.1978D-03      0.43170305D+03     207.176832    298.09
   85   68         9    6      8    5          0.2931D-01      0.16023533D+04     207.176832    298.09
   85   86         9    6      9   -5          0.6204D-02      0.11706286D+04     207.176832    298.09
   85  116         9    6     10    5          0.2014D-03      0.69093033D+03     207.176832    298.09
   86   77         9   -5      8   -4          0.2698D-01      0.16348079D+04     168.128872    241.90
   86   78         9   -5      8   -5          0.2462D-03      0.43172470D+03     168.128872    241.90
   86   87         9   -5      9    4          0.7856D-02      0.12030318D+04     168.128872    241.90
   86  115         9   -5     10   -4          0.3466D-03      0.72326170D+03     168.128872    241.90
   87   69         9    4      8    4          0.2859D-03      0.43177607D+03     128.000057    184.17
   87   76         9    4      8    3          0.6469D-02      0.10692243D+04     128.000057    184.17
   87   88         9    4      9   -3          0.1302D-02      0.63745969D+03     128.000057    184.17
   87   95         9    4      9   -4          0.3316D-23      0.12591285D-03     128.000057    184.17
   87  108         9    4     10    3          0.5034D-05      0.15774748D+03     128.000057    184.17
   88   70         9   -3      8   -3          0.3167D-03      0.43175632D+03     106.736693    153.57
   88   75         9   -3      8   -2          0.1447D-02      0.68624901D+03     106.736693    153.57
   88   93         9   -3      9    2          0.8866D-04      0.25393669D+03     106.736693    153.57
   88   94         9   -3      9    3          0.4196D-17      0.16497581D-01     106.736693    153.57
   89   70         9   -2      8   -3          0.7912D-05      0.17708318D+03      98.241713    141.35
   89   72         9   -2      8   -1          0.2730D-02      0.90101522D+03      98.241713    141.35
   89   75         9   -2      8   -2          0.3382D-03      0.43157587D+03      98.241713    141.35
   89   92         9   -2      9    1          0.7212D-03      0.50283082D+03      98.241713    141.35
   90   72         9   -1      8   -1          0.3605D-03      0.43528297D+03      82.706560    119.00
   90   91         9   -1      9    0          0.3864D-03      0.32173342D+03      82.706560    119.00
   90   92         9   -1      9    1          0.5301D-08      0.37098563D+02      82.706560    119.00
   91   73         9    0      8    0          0.3554D-03      0.43142554D+03      71.974689    103.56
   91   74         9    0      8    1          0.1436D-04      0.14323335D+03      71.974689    103.56
   92   73         9    1      8    0          0.2242D-02      0.71606040D+03      81.469085    117.22
   92   74         9    1      8    1          0.3424D-03      0.42786821D+03      81.469085    117.22
   93   71         9    2      8    2          0.3388D-03      0.43184351D+03      98.266278    141.39
   93   74         9    2      8    1          0.3016D-02      0.93143548D+03      98.266278    141.39
   93   76         9    2      8    3          0.8013D-05      0.17782788D+03      98.266278    141.39
   93   89         9    2      9   -2          0.1659D-12      0.73644927D+00      98.266278    141.39
   93   90         9    2      9   -1          0.5757D-03      0.46646870D+03      98.266278    141.39
   93  110         9    2     10    1          0.4925D-07      0.28190013D+02      98.266278    141.39
   94   71         9    3      8    2          0.1444D-02      0.68576370D+03     106.736143    153.57
   94   76         9    3      8    3          0.3166D-03      0.43174807D+03     106.736143    153.57
   94   89         9    3      9   -2          0.8942D-04      0.25465664D+03     106.736143    153.57
   95   70         9   -4      8   -3          0.6469D-02      0.10692159D+04     128.000053    184.17
   95   77         9   -4      8   -4          0.2859D-03      0.43177600D+03     128.000053    184.17
   95   94         9   -4      9    3          0.1302D-02      0.63747606D+03     128.000053    184.17
   95  114         9   -4     10   -3          0.5031D-05      0.15771672D+03     128.000053    184.17
   96   68         9    5      8    5          0.2462D-03      0.43172470D+03     168.128872    241.90
   96   69         9    5      8    4          0.2698D-01      0.16348079D+04     168.128872    241.90
   96   95         9    5      9   -4          0.7856D-02      0.12030319D+04     168.128872    241.90
   96  107         9    5     10    4          0.3466D-03      0.72326140D+03     168.128872    241.90
   97   78         9   -6      8   -5          0.2931D-01      0.16023533D+04     207.176832    298.09
   97   79         9   -6      8   -6          0.1978D-03      0.43170305D+03     207.176832    298.09
   97   96         9   -6      9    5          0.6204D-02      0.11706286D+04     207.176832    298.09
   97  106         9   -6     10   -5          0.2014D-03      0.69093033D+03     207.176832    298.09
   98   79         9   -7      8   -6          0.2730D-01      0.14966815D+04     242.700685    349.20
   98   80         9   -7      8   -7          0.1407D-03      0.43170939D+03     242.700685    349.20
   98   85         9   -7      9    6          0.3737D-02      0.10649785D+04     242.700685    349.20
   98  117         9   -7     10   -6          0.7347D-04      0.58531235D+03     242.700685    349.20
   99   80         9   -8      8   -7          0.7668D-01      0.20254944D+04     295.863623    425.69
   99   81         9   -8      8   -8          0.7474D-04      0.43171616D+03     295.863623    425.69
   99   84         9   -8      9    7          0.8873D-02      0.15937850D+04     295.863623    425.69
   99  118         9   -8     10   -7          0.2533D-03      0.11141098D+04     295.863623    425.69
  100   81         9   -9      8   -8          0.1572D+00      0.24737964D+04     363.980079    523.69
  100   83         9   -9      9    8          0.9880D-02      0.20420803D+04     363.980079    523.69
  100  119         9   -9     10   -8          0.2329D-03      0.15623934D+04     363.980079    523.69
  101   82        10   10      9    9          0.1323D+00      0.23272372D+04     441.608344    635.39
  101  120        10   10     10   -9          0.6652D-02      0.18475575D+04     441.608344    635.39
  101  124        10   10     11    9          0.1155D-03      0.13199108D+04     441.608344    635.39
  102   82        10    9      9    9          0.9331D-04      0.47967973D+03     379.980470    546.72
  102   83        10    9      9    8          0.1515D+00      0.25217600D+04     379.980470    546.72
  102  119        10    9     10   -8          0.1707D-01      0.20420731D+04     379.980470    546.72
  102  125        10    9     11    8          0.5234D-03      0.15144147D+04     379.980470    546.72
  103   83        10    8      9    8          0.1768D-03      0.47968692D+03     311.864254    448.71
  103   84        10    8      9    7          0.7536D-01      0.20734719D+04     311.864254    448.71
  103  118        10    8     10   -7          0.1153D-01      0.15937968D+04     311.864254    448.71
  103  126        10    8     11    7          0.3652D-03      0.10661565D+04     311.864254    448.71
  104   84        10    7      9    7          0.2505D-03      0.47967514D+03     258.700923    372.22
  104   85        10    7      9    6          0.2769D-01      0.15446536D+04     258.700923    372.22
  104  117        10    7     10   -6          0.4332D-02      0.10649875D+04     258.700923    372.22
  104  127        10    7     11    6          0.7794D-04      0.53735954D+03     258.700923    372.22
  105   85        10    6      9    6          0.3143D-03      0.47966612D+03     223.176770    321.11
  105   96        10    6      9    5          0.2980D-01      0.16502947D+04     223.176770    321.11
  105  106        10    6     10   -5          0.6768D-02      0.11705964D+04     223.176770    321.11
  105  138        10    6     11    5          0.2002D-03      0.64292339D+03     223.176770    321.11
  106   86        10   -5      9   -5          0.3684D-03      0.47969823D+03     184.129881    264.93
  106   95        10   -5      9   -4          0.2764D-01      0.16827301D+04     184.129881    264.93
  106  107        10   -5     10    4          0.8263D-02      0.12029596D+04     184.129881    264.93
  106  116        10   -5     10    5          0.5722D-28      0.29979257D-05     184.129881    264.93
  106  129        10   -5     11   -4          0.3247D-03      0.67518952D+03     184.129881    264.93
  107   87        10    4      9    4          0.4128D-03      0.47977037D+03     144.003472    207.19
  107   94        10    4      9    3          0.7012D-02      0.11172466D+04     144.003472    207.19
  107  114        10    4     10   -3          0.1339D-02      0.63748722D+03     144.003472    207.19
  107  115        10    4     10   -4          0.3447D-22      0.29379665D-03     144.003472    207.19
  107  130        10    4     11    3          0.1862D-05      0.10980641D+03     144.003472    207.19
  108   93        10    3      9    2          0.1702D-02      0.73364890D+03     122.738168    176.60
  108   94        10    3      9    3          0.4470D-03      0.47972871D+03     122.738168    176.60
  108  113        10    3     10   -2          0.9083D-04      0.25489249D+03     122.738168    176.60
  109   92        10    2      9    1          0.3468D-02      0.98342783D+03     114.272702    164.42
  109   93        10    2      9    2          0.4720D-03      0.47986057D+03     114.272702    164.42
  109   94        10    2      9    3          0.1784D-04      0.22594038D+03     114.272702    164.42
  109  112        10    2     10   -1          0.5643D-03      0.46271836D+03     114.272702    164.42
  109  113        10    2     10   -2          0.4574D-12      0.11041598D+01     114.272702    164.42
  110   91        10    1      9    0          0.2668D-02      0.76001211D+03      97.325961    140.03
  110   92        10    1      9    1          0.4732D-03      0.47537725D+03      97.325961    140.03
  111   91        10    0      9    0          0.4899D-03      0.47928925D+03      87.962056    126.56
  111   92        10    0      9    1          0.3668D-04      0.19465440D+03      87.962056    126.56
  112   89        10   -1      9   -2          0.1137D-07      0.17878662D+02      98.838081    142.21
  112   90        10   -1      9   -1          0.4982D-03      0.48361092D+03      98.838081    142.21
  112  110        10   -1     10    1          0.7913D-08      0.45332227D+02      98.838081    142.21
  112  111        10   -1     10    0          0.4022D-03      0.32605508D+03      98.838081    142.21
  113   88        10   -2      9   -3          0.1758D-04      0.22481972D+03     114.235871    164.36
  113   89        10   -2      9   -2          0.4709D-03      0.47949286D+03     114.235871    164.36
  113   90        10   -2      9   -1          0.3080D-02      0.94522511D+03     114.235871    164.36
  113  110        10   -2     10    1          0.7421D-03      0.50694642D+03     114.235871    164.36
  114   88        10   -3      9   -3          0.4471D-03      0.47974285D+03     122.739190    176.60
  114   89        10   -3      9   -2          0.1707D-02      0.73441598D+03     122.739190    176.60
  114  108        10   -3     10    3          0.2198D-16      0.30632798D-01     122.739190    176.60
  114  109        10   -3     10    2          0.8969D-04      0.25381897D+03     122.739190    176.60
  115   88        10   -4      9   -3          0.7011D-02      0.11172298D+04     144.003462    207.19
  115   95        10   -4      9   -4          0.4128D-03      0.47977021D+03     144.003462    207.19
  115  108        10   -4     10    3          0.1339D-02      0.63751756D+03     144.003462    207.19
  115  136        10   -4     11   -3          0.1859D-05      0.10975252D+03     144.003462    207.19
  116   87        10    5      9    4          0.2764D-01      0.16827300D+04     184.129880    264.93
  116   96        10    5      9    5          0.3684D-03      0.47969823D+03     184.129880    264.93
  116  115        10    5     10   -4          0.8263D-02      0.12029599D+04     184.129880    264.93
  116  137        10    5     11    4          0.3247D-03      0.67518889D+03     184.129880    264.93
  117   86        10   -6      9   -5          0.2980D-01      0.16502947D+04     223.176770    321.11
  117   97        10   -6      9   -6          0.3143D-03      0.47966612D+03     223.176770    321.11
  117  116        10   -6     10    5          0.6768D-02      0.11705965D+04     223.176770    321.11
  117  128        10   -6     11   -5          0.2002D-03      0.64292339D+03     223.176770    321.11
  118   97        10   -7      9   -6          0.2769D-01      0.15446536D+04     258.700923    372.22
  118   98        10   -7      9   -7          0.2505D-03      0.47967514D+03     258.700923    372.22
  118  105        10   -7     10    6          0.4332D-02      0.10649875D+04     258.700923    372.22
  118  139        10   -7     11   -6          0.7794D-04      0.53735954D+03     258.700923    372.22
  119   98        10   -8      9   -7          0.7536D-01      0.20734719D+04     311.864254    448.71
  119   99        10   -8      9   -8          0.1768D-03      0.47968692D+03     311.864254    448.71
  119  104        10   -8     10    7          0.1153D-01      0.15937968D+04     311.864254    448.71
  119  140        10   -8     11   -7          0.3652D-03      0.10661565D+04     311.864254    448.71
  120   99        10   -9      9   -8          0.1515D+00      0.25217600D+04     379.980470    546.72
  120  100        10   -9      9   -9          0.9331D-04      0.47967973D+03     379.980470    546.72
  120  103        10   -9     10    8          0.1707D-01      0.20420731D+04     379.980470    546.72
  120  141        10   -9     11   -8          0.5234D-03      0.15144147D+04     379.980470    546.72
  121  100        10  -10      9   -9          0.1323D+00      0.23272372D+04     441.608344    635.39
  121  102        10  -10     10    9          0.6652D-02      0.18475575D+04     441.608344    635.39
  121  142        10  -10     11   -9          0.1155D-03      0.13199108D+04     441.608344    635.39
  122  101        11   11     10   10          0.1599D+00      0.24713209D+04     524.042727    753.99
  122  143        11   11     11  -10          0.7100D-02      0.19436833D+04     524.042727    753.99
  122  147        11   11     12   10          0.1076D-03      0.13680867D+04     524.042727    753.99
  123  101        11   10     10   10          0.1139D-03      0.52763763D+03     459.208439    660.71
  123  102        11   10     10    9          0.1290D+00      0.23751951D+04     459.208439    660.71
  123  142        11   10     11   -9          0.1164D-01      0.18475485D+04     459.208439    660.71
  123  148        11   10     12    9          0.2595D-03      0.12719353D+04     459.208439    660.71
  124  102        11    9     10    9          0.2170D-03      0.52764662D+03     397.580864    572.04
  124  103        11    9     10    8          0.1479D+00      0.25697197D+04     397.580864    572.04
  124  141        11    9     11   -8          0.2245D-01      0.20420613D+04     397.580864    572.04
  124  149        11    9     12    8          0.7954D-03      0.14664306D+04     397.580864    572.04
  125  103        11    8     10    8          0.3093D-03      0.52765839D+03     329.465040    474.03
  125  104        11    8     10    7          0.7487D-01      0.21214552D+04     329.465040    474.03
  125  140        11    8     11   -7          0.1352D-01      0.15938149D+04     329.465040    474.03
  125  150        11    8     12    7          0.4438D-03      0.10182102D+04     329.465040    474.03
  126  104        11    7     10    7          0.3906D-03      0.52764027D+03     276.301106    397.54
  126  105        11    7     10    6          0.2834D-01      0.15926278D+04     276.301106    397.54
  126  139        11    7     11   -6          0.4778D-02      0.10649998D+04     276.301106    397.54
  126  151        11    7     12    6          0.7392D-04      0.48941141D+03     276.301106    397.54
  127  105        11    6     10    6          0.4611D-03      0.52762795D+03     240.776541    346.43
  127  116        11    6     10    5          0.3055D-01      0.16982244D+04     240.776541    346.43
  127  128        11    6     11   -5          0.7190D-02      0.11705513D+04     240.776541    346.43
  127  162        11    6     12    5          0.1859D-03      0.59490203D+03     240.776541    346.43
  128  106        11   -5     10   -5          0.5209D-03      0.52767306D+03     201.731157    290.25
  128  115        11   -5     10   -4          0.2853D-01      0.17306330D+04     201.731157    290.25
  128  137        11   -5     11    4          0.8567D-02      0.12028619D+04     201.731157    290.25
  128  138        11   -5     11    5          0.4768D-28      0.29979248D-05     201.731157    290.25
  128  161        11   -5     12   -4          0.2903D-03      0.62708540D+03     201.731157    290.25
  129  114        11   -4     10   -3          0.7619D-02      0.11652573D+04     161.607985    232.52
  129  115        11   -4     10   -4          0.5701D-03      0.52777041D+03     161.607985    232.52
  129  130        11   -4     11    3          0.1367D-02      0.63757653D+03     161.607985    232.52
  129  154        11   -4     12   -3          0.3570D-06      0.61791078D+02     161.607985    232.52
  130  108        11    3     10    3          0.6079D-03      0.52771144D+03     140.340725    201.92
  130  109        11    3     10    2          0.1992D-02      0.78149977D+03     140.340725    201.92
  130  135        11    3     11   -2          0.9204D-04      0.25520539D+03     140.340725    201.92
  131  108        11    2     10    3          0.3400D-04      0.27409996D+03     131.881158    189.75
  131  109        11    2     10    2          0.6357D-03      0.52788830D+03     131.881158    189.75
  131  110        11    2     10    1          0.3977D-02      0.10359389D+04     131.881158    189.75
  131  134        11    2     11   -1          0.5513D-03      0.45868016D+03     131.881158    189.75
  131  135        11    2     11   -2          0.1147D-11      0.15939128D+01     131.881158    189.75
  132  109        11    1     10    2          0.6726D-08      0.14826295D+02     114.767254    165.13
  132  110        11    1     10    1          0.6336D-03      0.52287688D+03     114.767254    165.13
  132  111        11    1     10    0          0.3141D-02      0.80359973D+03     114.767254    165.13
  133  110        11    0     10    1          0.7547D-04      0.24640741D+03     105.545226    151.86
  133  111        11    0     10    0          0.6546D-03      0.52713027D+03     105.545226    151.86
  134  112        11   -1     10   -1          0.6670D-03      0.53192649D+03     116.581237    167.74
  134  113        11   -1     10   -2          0.7174D-06      0.70312299D+02     116.581237    167.74
  134  132        11   -1     11    1          0.1138D-07      0.54381844D+02     116.581237    167.74
  134  133        11   -1     11    0          0.4202D-03      0.33085131D+03     116.581237    167.74
  135  112        11   -2     10   -1          0.3460D-02      0.98901274D+03     131.827990    189.67
  135  113        11   -2     10   -2          0.6339D-03      0.52739854D+03     131.827990    189.67
  135  114        11   -2     10   -3          0.3340D-04      0.27247542D+03     131.827990    189.67
  135  132        11   -2     11    1          0.7645D-03      0.51146809D+03     131.827990    189.67
  136  113        11   -3     10   -2          0.2001D-02      0.78265753D+03     140.342512    201.92
  136  114        11   -3     10   -3          0.6080D-03      0.52773440D+03     140.342512    201.92
  136  130        11   -3     11    3          0.9807D-16      0.53593905D-01     140.342512    201.92
  136  131        11   -3     11    2          0.9039D-04      0.25366507D+03     140.342512    201.92
  137  107        11    4     10    4          0.5701D-03      0.52777075D+03     161.608006    232.52
  137  108        11    4     10    3          0.7619D-02      0.11652886D+04     161.608006    232.52
  137  129        11    4     11   -4          0.2867D-21      0.63256217D-03     161.608006    232.52
  137  136        11    4     11   -3          0.1367D-02      0.63752356D+03     161.608006    232.52
  137  160        11    4     12    3          0.3586D-06      0.61881006D+02     161.608006    232.52
  138  107        11    5     10    4          0.2853D-01      0.17306327D+04     201.731156    290.25
  138  116        11    5     10    5          0.5209D-03      0.52767306D+03     201.731156    290.25
  138  129        11    5     11   -4          0.8567D-02      0.12028626D+04     201.731156    290.25
  138  153        11    5     12    4          0.2903D-03      0.62708413D+03     201.731156    290.25
  139  106        11   -6     10   -5          0.3055D-01      0.16982244D+04     240.776541    346.43
  139  117        11   -6     10   -6          0.4611D-03      0.52762795D+03     240.776541    346.43
  139  138        11   -6     11    5          0.7190D-02      0.11705513D+04     240.776541    346.43
  139  152        11   -6     12   -5          0.1859D-03      0.59490203D+03     240.776541    346.43
  140  117        11   -7     10   -6          0.2834D-01      0.15926278D+04     276.301106    397.54
  140  118        11   -7     10   -7          0.3906D-03      0.52764027D+03     276.301106    397.54
  140  127        11   -7     11    6          0.4778D-02      0.10649998D+04     276.301106    397.54
  140  163        11   -7     12   -6          0.7392D-04      0.48941141D+03     276.301106    397.54
  141  118        11   -8     10   -7          0.7487D-01      0.21214552D+04     329.465040    474.03
  141  119        11   -8     10   -8          0.3093D-03      0.52765839D+03     329.465040    474.03
  141  126        11   -8     11    7          0.1352D-01      0.15938149D+04     329.465040    474.03
  141  164        11   -8     12   -7          0.4438D-03      0.10182102D+04     329.465040    474.03
  142  119        11   -9     10   -8          0.1479D+00      0.25697197D+04     397.580864    572.04
  142  120        11   -9     10   -9          0.2170D-03      0.52764662D+03     397.580864    572.04
  142  125        11   -9     11    8          0.2245D-01      0.20420613D+04     397.580864    572.04
  142  165        11   -9     12   -8          0.7954D-03      0.14664306D+04     397.580864    572.04
  143  120        11  -10     10   -9          0.1290D+00      0.23751951D+04     459.208439    660.71
  143  121        11  -10     10  -10          0.1139D-03      0.52763763D+03     459.208439    660.71
  143  124        11  -10     11    9          0.1164D-01      0.18475485D+04     459.208439    660.71
  143  166        11  -10     12   -9          0.2595D-03      0.12719353D+04     459.208439    660.71
  144  121        11  -11     10  -10          0.1599D+00      0.24713209D+04     524.042727    753.99
  144  123        11  -11     11   10          0.7100D-02      0.19436833D+04     524.042727    753.99
  144  167        11  -11     12  -10          0.1076D-03      0.13680867D+04     524.042727    753.99
  145  122        12   12     11   11          0.3239D+00      0.31189574D+04     628.079932    903.68
  145  168        12   12     12  -11          0.1468D-01      0.25433548D+04     628.079932    903.68
  145  172        12   12     13   11          0.2526D-03      0.19197954D+04     628.079932    903.68
  146  122        12   11     11   11          0.1366D-03      0.57560265D+03     543.242762    781.62
  146  123        12   11     11   10          0.1565D+00      0.25192860D+04     543.242762    781.62
  146  167        12   11     12  -10          0.1256D-01      0.19436893D+04     543.242762    781.62
  146  173        12   11     13   10          0.2464D-03      0.13201357D+04     543.242762    781.62
  147  123        12   10     11   10          0.2613D-03      0.57559666D+03     478.408274    688.33
  147  124        12   10     11    9          0.1271D+00      0.24231451D+04     478.408274    688.33
  147  166        12   10     12   -9          0.1548D-01      0.18475320D+04     478.408274    688.33
  147  174        12   10     13    9          0.3928D-03      0.12239527D+04     478.408274    688.33
  148  124        12    9     11    9          0.3742D-03      0.57561316D+03     416.781250    599.66
  148  125        12    9     11    8          0.1457D+00      0.26176745D+04     416.781250    599.66
  148  165        12    9     12   -8          0.2660D-01      0.20420438D+04     416.781250    599.66
  148  175        12    9     13    8          0.1019D-02      0.14184400D+04     416.781250    599.66
  149  125        12    8     11    8          0.4753D-03      0.57563067D+03     348.666010    501.66
  149  126        12    8     11    7          0.7503D-01      0.21694456D+04     348.666010    501.66
  149  164        12    8     12   -7          0.1506D-01      0.15938408D+04     348.666010    501.66
  149  176        12    8     13    7          0.4892D-03      0.97027239D+03     348.666010    501.66
  150  126        12    7     11    7          0.5643D-03      0.57560472D+03     295.501210    425.17
  150  127        12    7     11    6          0.2920D-01      0.16406045D+04     295.501210    425.17
  150  163        12    7     12   -6          0.5121D-02      0.10650161D+04     295.501210    425.17
  150  177        12    7     13    6          0.6450D-04      0.44146874D+03     295.501210    425.17
  151  127        12    6     11    6          0.6415D-03      0.57558841D+03     259.976101    374.05
  151  138        12    6     11    5          0.3150D-01      0.17461398D+04     259.976101    374.05
  151  152        12    6     12   -5          0.7514D-02      0.11704904D+04     259.976101    374.05
  151  188        12    6     13    5          0.1635D-03      0.54686334D+03     259.976101    374.05
  152  128        12   -5     11   -5          0.7070D-03      0.57564931D+03     220.932748    317.88
  152  129        12   -5     11   -4          0.2959D-01      0.17785119D+04     220.932748    317.88
  152  153        12   -5     12    4          0.8799D-02      0.12027334D+04     220.932748    317.88
  152  187        12   -5     13   -4          0.2494D-03      0.57894363D+03     220.932748    317.88
  153  130        12    4     11    3          0.8290D-02      0.12133550D+04     180.813884    260.16
  153  137        12    4     11    4          0.7610D-03      0.57577782D+03     180.813884    260.16
  153  154        12    4     12   -3          0.1388D-02      0.63756953D+03     180.813884    260.16
  153  161        12    4     12   -4          0.1954D-20      0.12681223D-02     180.813884    260.16
  153  186        12    4     13    3          0.4386D-08      0.13976152D+02     180.813884    260.16
  154  135        12   -3     11   -2          0.2330D-02      0.83099084D+03     159.546857    229.56
  154  136        12   -3     11   -3          0.8024D-03      0.57573185D+03     159.546857    229.56
  154  159        12   -3     12    2          0.9084D-04      0.25346933D+03     159.546857    229.56
  154  160        12   -3     12    3          0.3838D-15      0.89296194D-01     159.546857    229.56
  155  134        12   -2     11   -1          0.3873D-02      0.10323781D+04     151.017658    217.28
  155  135        12   -2     11   -2          0.8302D-03      0.57529183D+03     151.017658    217.28
  155  136        12   -2     11   -3          0.5705D-04      0.32003285D+03     151.017658    217.28
  155  156        12   -2     12    1          0.7886D-03      0.51639348D+03     151.017658    217.28
  156  131        12    1     11    2          0.4003D-06      0.57304440D+02     133.792628    192.50
  156  132        12    1     11    1          0.8264D-03      0.57036644D+03     133.792628    192.50
  156  133        12    1     11    0          0.3664D-02      0.84683591D+03     133.792628    192.50
  157  132        12    0     11    1          0.1358D-03      0.29847700D+03     124.723373    179.45
  157  133        12    0     11    0          0.8524D-03      0.57494646D+03     124.723373    179.45
  158  134        12   -1     11   -1          0.8700D-03      0.58022811D+03     135.935560    195.58
  158  135        12   -1     11   -2          0.3972D-05      0.12314186D+03     135.935560    195.58
  158  156        12   -1     12    1          0.1588D-07      0.64243512D+02     135.935560    195.58
  158  157        12   -1     12    0          0.4406D-03      0.33613296D+03     135.935560    195.58
  159  130        12    2     11    3          0.5828D-04      0.32231612D+03     151.092032    217.39
  159  131        12    2     11    2          0.8330D-03      0.57592760D+03     151.092032    217.39
  159  132        12    2     11    1          0.4545D-02      0.10889896D+04     151.092032    217.39
  159  155        12    2     12   -2          0.2656D-11      0.22296797D+01     151.092032    217.39
  159  158        12    2     12   -1          0.5373D-03      0.45437965D+03     151.092032    217.39
  160  130        12    3     11    3          0.8023D-03      0.57569615D+03     159.543879    229.55
  160  131        12    3     11    2          0.2316D-02      0.82930763D+03     159.543879    229.55
  160  155        12    3     12   -2          0.9316D-04      0.25560971D+03     159.543879    229.55
  161  129        12   -4     11   -4          0.7610D-03      0.57577718D+03     180.813842    260.15
  161  136        12   -4     11   -3          0.8289D-02      0.12133001D+04     180.813842    260.15
  161  160        12   -4     12    3          0.1388D-02      0.63765755D+03     180.813842    260.15
  161  180        12   -4     13   -3          0.4252D-08      0.13832063D+02     180.813842    260.15
  162  137        12    5     11    4          0.2959D-01      0.17785113D+04     220.932748    317.88
  162  138        12    5     11    5          0.7070D-03      0.57564931D+03     220.932748    317.88
  162  161        12    5     12   -4          0.8799D-02      0.12027347D+04     220.932748    317.88
  162  179        12    5     13    4          0.2494D-03      0.57894123D+03     220.932748    317.88
  163  128        12   -6     11   -5          0.3150D-01      0.17461397D+04     259.976101    374.05
  163  139        12   -6     11   -6          0.6415D-03      0.57558841D+03     259.976101    374.05
  163  162        12   -6     12    5          0.7514D-02      0.11704904D+04     259.976101    374.05
  163  178        12   -6     13   -5          0.1635D-03      0.54686333D+03     259.976101    374.05
  164  139        12   -7     11   -6          0.2920D-01      0.16406045D+04     295.501210    425.17
  164  140        12   -7     11   -7          0.5643D-03      0.57560472D+03     295.501210    425.17
  164  151        12   -7     12    6          0.5121D-02      0.10650161D+04     295.501210    425.17
  164  189        12   -7     13   -6          0.6450D-04      0.44146874D+03     295.501210    425.17
  165  140        12   -8     11   -7          0.7503D-01      0.21694456D+04     348.666010    501.66
  165  141        12   -8     11   -8          0.4753D-03      0.57563067D+03     348.666010    501.66
  165  150        12   -8     12    7          0.1506D-01      0.15938408D+04     348.666010    501.66
  165  190        12   -8     13   -7          0.4892D-03      0.97027239D+03     348.666010    501.66
  166  141        12   -9     11   -8          0.1457D+00      0.26176745D+04     416.781250    599.66
  166  142        12   -9     11   -9          0.3742D-03      0.57561316D+03     416.781250    599.66
  166  149        12   -9     12    8          0.2660D-01      0.20420438D+04     416.781250    599.66
  166  191        12   -9     13   -8          0.1019D-02      0.14184400D+04     416.781250    599.66
  167  142        12  -10     11   -9          0.1271D+00      0.24231451D+04     478.408274    688.33
  167  143        12  -10     11  -10          0.2613D-03      0.57559666D+03     478.408274    688.33
  167  148        12  -10     12    9          0.1548D-01      0.18475320D+04     478.408274    688.33
  167  192        12  -10     13   -9          0.3928D-03      0.12239527D+04     478.408274    688.33
  168  143        12  -11     11  -10          0.1565D+00      0.25192860D+04     543.242762    781.62
  168  144        12  -11     11  -11          0.1366D-03      0.57560265D+03     543.242762    781.62
  168  147        12  -11     12   10          0.1256D-01      0.19436893D+04     543.242762    781.62
  168  193        12  -11     13  -10          0.2464D-03      0.13201357D+04     543.242762    781.62
  169  144        12  -12     11  -11          0.3239D+00      0.31189574D+04     628.079932    903.68
  169  146        12  -12     12   11          0.1468D-01      0.25433548D+04     628.079932    903.68
  169  194        12  -12     13  -11          0.2526D-03      0.19197954D+04     628.079932    903.68
  170  145        13   13     12   12          0.4347D+00      0.34331372D+04     742.597046   1068.45
  170  195        13   13     13  -12          0.1838D-01      0.28095539D+04     742.597046   1068.45
  170  199        13   13     14   12          0.3000D-03      0.21380045D+04     742.597046   1068.45
  171  145        13   12     12   12          0.1614D-03      0.62358329D+03     648.880429    933.61
  171  146        13   12     12   11          0.3150D+00      0.31669380D+04     648.880429    933.61
  171  194        13   12     13  -11          0.2622D-01      0.25433786D+04     648.880429    933.61
  171  200        13   12     14   11          0.6040D-03      0.18718649D+04     648.880429    933.61
  172  146        13   11     12   11          0.3098D-03      0.62355940D+03     564.042461    811.54
  172  147        13   11     12   10          0.1544D+00      0.25672487D+04     564.042461    811.54
  172  193        13   11     13  -10          0.1685D-01      0.19436951D+04     564.042461    811.54
  172  201        13   11     14   10          0.3792D-03      0.12721869D+04     564.042461    811.54
  173  147        13   10     12   10          0.4453D-03      0.62355359D+03     499.207780    718.26
  173  148        13   10     12    9          0.1262D+00      0.24710856D+04     499.207780    718.26
  173  192        13   10     13   -9          0.1849D-01      0.18475063D+04     499.207780    718.26
  173  202        13   10     14    9          0.4992D-03      0.11759613D+04     499.207780    718.26
  174  148        13    9     12    9          0.5680D-03      0.62357929D+03     437.581613    629.59
  174  149        13    9     12    8          0.1446D+00      0.26656231D+04     437.581613    629.59
  174  191        13    9     13   -8          0.2986D-01      0.20420193D+04     437.581613    629.59
  174  203        13    9     14    8          0.1185D-02      0.13704414D+04     437.581613    629.59
  175  149        13    8     12    8          0.6779D-03      0.62360381D+03     369.467192    531.59
  175  150        13    8     12    7          0.7569D-01      0.22174446D+04     369.467192    531.59
  175  190        13    8     13   -7          0.1626D-01      0.15938762D+04     369.467192    531.59
  175  204        13    8     14    7          0.5058D-03      0.92234486D+03     369.467192    531.59
  176  150        13    7     12    7          0.7746D-03      0.62356844D+03     316.301211    455.09
  176  151        13    7     12    6          0.3024D-01      0.16885846D+04     316.301211    455.09
  176  189        13    7     13   -6          0.5391D-02      0.10650372D+04     316.301211    455.09
  176  205        13    7     14    6          0.5238D-04      0.39353243D+03     316.301211    455.09
  177  151        13    6     12    6          0.8584D-03      0.62354739D+03     280.775400    403.98
  177  162        13    6     12    5          0.3264D-01      0.17940378D+04     280.775400    403.98
  177  178        13    6     13   -5          0.7768D-02      0.11704107D+04     280.775400    403.98
  177  216        13    6     14    5          0.1371D-03      0.49880413D+03     280.775400    403.98
  178  152        13   -5     12   -5          0.9297D-03      0.62362711D+03     241.734706    347.81
  178  161        13   -5     12   -4          0.3081D-01      0.18263618D+04     241.734706    347.81
  178  179        13   -5     13    4          0.8980D-02      0.12025683D+04     241.734706    347.81
  178  188        13   -5     13    5          0.2767D-27      0.59958496D-05     241.734706    347.81
  178  207        13   -5     14   -4          0.2065D-03      0.53075811D+03     241.734706    347.81
  179  153        13    4     12    4          0.9886D-03      0.62379220D+03     201.621350    290.09
  179  160        13    4     12    3          0.9024D-02      0.12614510D+04     201.621350    290.09
  179  180        13    4     13   -3          0.1405D-02      0.63762554D+03     201.621350    290.09
  179  187        13    4     13   -4          0.1129D-19      0.23953421D-02     201.621350    290.09
  180  154        13   -3     12   -3          0.1034D-02      0.62373619D+03     180.352454    259.49
  180  155        13   -3     12   -2          0.2698D-02      0.87943520D+03     180.352454    259.49
  180  181        13   -3     13    2          0.9109D-04      0.25322621D+03     180.352454    259.49
  180  186        13   -3     13    3          0.1346D-14      0.14282115D+00     180.352454    259.49
  181  156        13    2     12    1          0.5178D-02      0.11426025D+04     171.905738    247.34
  181  159        13    2     12    2          0.1067D-02      0.62397931D+03     171.905738    247.34
  181  160        13    2     12    3          0.9254D-04      0.37059928D+03     171.905738    247.34
  181  184        13    2     13   -1          0.5223D-03      0.44984492D+03     171.905738    247.34
  181  185        13    2     13   -2          0.5755D-11      0.30373657D+01     171.905738    247.34
  182  156        13    1     12    1          0.1055D-02      0.61784539D+03     154.401729    222.15
  182  157        13    1     12    0          0.4237D-02      0.88973484D+03     154.401729    222.15
  182  159        13    1     12    2          0.2131D-05      0.99222237D+02     154.401729    222.15
  183  156        13    0     12    1          0.2227D-03      0.35084634D+03     145.495600    209.34
  183  157        13    0     12    0          0.1086D-02      0.62273578D+03     145.495600    209.34
  184  155        13   -1     12   -2          0.1197D-04      0.17636407D+03     156.900529    225.75
  184  158        13   -1     12   -1          0.1110D-02      0.62851404D+03     156.900529    225.75
  184  182        13   -1     13    1          0.2158D-07      0.74912156D+02     156.900529    225.75
  184  183        13   -1     13    0          0.4638D-03      0.34191121D+03     156.900529    225.75
  185  154        13   -2     12   -3          0.9022D-04      0.36747262D+03     171.804423    247.19
  185  155        13   -2     12   -2          0.1063D-02      0.62317163D+03     171.804423    247.19
  185  158        13   -2     12   -1          0.4316D-02      0.10753216D+04     171.804423    247.19
  185  182        13   -2     13    1          0.8148D-03      0.52171971D+03     171.804423    247.19
  186  159        13    3     12    2          0.2676D-02      0.87706270D+03     180.347690    259.48
  186  160        13    3     12    3          0.1033D-02      0.62368267D+03     180.347690    259.48
  186  185        13    3     13   -2          0.9425D-04      0.25612075D+03     180.347690    259.48
  187  154        13   -4     12   -3          0.9022D-02      0.12613593D+04     201.621270    290.09
  187  161        13   -4     12   -4          0.9886D-03      0.62379108D+03     201.621270    290.09
  187  186        13   -4     13    3          0.1406D-02      0.63776596D+03     201.621270    290.09
  188  153        13    5     12    4          0.3081D-01      0.18263605D+04     241.734706    347.81
  188  162        13    5     12    5          0.9297D-03      0.62362711D+03     241.734706    347.81
  188  187        13    5     13   -4          0.8981D-02      0.12025707D+04     241.734706    347.81
  188  215        13    5     14    4          0.2065D-03      0.53075380D+03     241.734706    347.81
  189  152        13   -6     12   -5          0.3264D-01      0.17940378D+04     280.775400    403.98
  189  163        13   -6     12   -6          0.8584D-03      0.62354739D+03     280.775400    403.98
  189  188        13   -6     13    5          0.7768D-02      0.11704107D+04     280.775400    403.98
  189  206        13   -6     14   -5          0.1371D-03      0.49880412D+03     280.775400    403.98
  190  163        13   -7     12   -6          0.3024D-01      0.16885846D+04     316.301211    455.09
  190  164        13   -7     12   -7          0.7746D-03      0.62356844D+03     316.301211    455.09
  190  177        13   -7     13    6          0.5391D-02      0.10650372D+04     316.301211    455.09
  190  217        13   -7     14   -6          0.5238D-04      0.39353243D+03     316.301211    455.09
  191  164        13   -8     12   -7          0.7569D-01      0.22174446D+04     369.467192    531.59
  191  165        13   -8     12   -8          0.6779D-03      0.62360381D+03     369.467192    531.59
  191  176        13   -8     13    7          0.1626D-01      0.15938762D+04     369.467192    531.59
  191  218        13   -8     14   -7          0.5058D-03      0.92234486D+03     369.467192    531.59
  192  165        13   -9     12   -8          0.1446D+00      0.26656231D+04     437.581613    629.59
  192  166        13   -9     12   -9          0.5680D-03      0.62357929D+03     437.581613    629.59
  192  175        13   -9     13    8          0.2986D-01      0.20420193D+04     437.581613    629.59
  192  219        13   -9     14   -8          0.1185D-02      0.13704414D+04     437.581613    629.59
  193  166        13  -10     12   -9          0.1262D+00      0.24710856D+04     499.207780    718.26
  193  167        13  -10     12  -10          0.4453D-03      0.62355359D+03     499.207780    718.26
  193  174        13  -10     13    9          0.1849D-01      0.18475063D+04     499.207780    718.26
  193  220        13  -10     14   -9          0.4992D-03      0.11759613D+04     499.207780    718.26
  194  167        13  -11     12  -10          0.1544D+00      0.25672487D+04     564.042461    811.54
  194  168        13  -11     12  -11          0.3098D-03      0.62355940D+03     564.042461    811.54
  194  173        13  -11     13   10          0.1685D-01      0.19436951D+04     564.042461    811.54
  194  221        13  -11     14  -10          0.3792D-03      0.12721869D+04     564.042461    811.54
  195  168        13  -12     12  -11          0.3150D+00      0.31669380D+04     648.880429    933.61
  195  169        13  -12     12  -12          0.1614D-03      0.62358329D+03     648.880429    933.61
  195  172        13  -12     13   11          0.2622D-01      0.25433786D+04     648.880429    933.61
  195  222        13  -12     14  -11          0.6040D-03      0.18718649D+04     648.880429    933.61
  196  169        13  -13     12  -12          0.4347D+00      0.34331372D+04     742.597046   1068.45
  196  171        13  -13     13   12          0.1838D-01      0.28095539D+04     742.597046   1068.45
  196  223        13  -13     14  -12          0.3000D-03      0.21380045D+04     742.597046   1068.45
  197  170        14   14     13   13          0.3671D+00      0.32391080D+04     850.642043   1223.90
  197  224        14   14     14  -13          0.1309D-01      0.25675657D+04     850.642043   1223.90
  197  228        14   14     15   13          0.1684D-03      0.18480632D+04     850.642043   1223.90
  198  170        14   13     13   13          0.1882D-03      0.67154231D+03     764.997283   1100.68
  198  171        14   13     13   12          0.4231D+00      0.34810962D+04     764.997283   1100.68
  198  223        14   13     14  -12          0.3308D-01      0.28095468D+04     764.997283   1100.68
  198  229        14   13     15   12          0.7305D-03      0.20900316D+04     764.997283   1100.68
  199  171        14   12     13   12          0.3624D-03      0.67154945D+03     671.280904    965.84
  199  172        14   12     13   11          0.3086D+00      0.32149281D+04     671.280904    965.84
  199  222        14   12     14  -11          0.3545D-01      0.25434144D+04     671.280904    965.84
  199  230        14   12     15   11          0.9711D-03      0.18239489D+04     671.280904    965.84
  200  172        14   11     13   11          0.5227D-03      0.67151373D+03     586.441745    843.77
  200  173        14   11     13   10          0.1533D+00      0.26152088D+04     586.441745    843.77
  200  221        14   11     14  -10          0.2029D-01      0.19437006D+04     586.441745    843.77
  200  231        14   11     15   10          0.4894D-03      0.12242401D+04     586.441745    843.77
  201  173        14   10     13   10          0.6690D-03      0.67150826D+03     521.606882    750.49
  201  174        14   10     13    9          0.1261D+00      0.25190145D+04     521.606882    750.49
  201  220        14   10     14   -9          0.2090D-01      0.18474696D+04     521.606882    750.49
  201  232        14   10     15    9          0.5742D-03      0.11279596D+04     521.606882    750.49
  202  174        14    9     13    9          0.8015D-03      0.67154494D+03     459.981938    661.82
  202  175        14    9     13    8          0.1445D+00      0.27135642D+04     459.981938    661.82
  202  219        14    9     14   -8          0.3246D-01      0.20419863D+04     459.981938    661.82
  202  233        14    9     15    8          0.1295D-02      0.13224333D+04     459.981938    661.82
  203  175        14    8     13    8          0.9202D-03      0.67157790D+03     391.868616    563.82
  203  176        14    8     13    7          0.7676D-01      0.22654541D+04     391.868616    563.82
  203  218        14    8     14   -7          0.1723D-01      0.15939228D+04     391.868616    563.82
  203  234        14    8     15    7          0.4993D-03      0.87442937D+03     391.868616    563.82
  204  176        14    7     13    7          0.1025D-02      0.67153135D+03     338.701083    487.32
  204  177        14    7     13    6          0.3143D-01      0.17365685D+04     338.701083    487.32
  204  217        14    7     14   -6          0.5607D-02      0.10650638D+04     338.701083    487.32
  204  235        14    7     15    6          0.3964D-04      0.34560341D+03     338.701083    487.32
  205  177        14    6     13    6          0.1115D-02      0.67150475D+03     303.174384    436.21
  205  188        14    6     13    5          0.3393D-01      0.18419155D+04     303.174384    436.21
  205  206        14    6     14   -5          0.7970D-02      0.11703089D+04     303.174384    436.21
  205  246        14    6     15    5          0.1099D-03      0.45072100D+03     303.174384    436.21
  206  178        14   -5     13   -5          0.1192D-02      0.67160660D+03     264.137088    380.04
  206  187        14   -5     13   -4          0.3217D-01      0.18741773D+04     264.137088    380.04
  206  215        14   -5     14    4          0.9124D-02      0.12023604D+04     264.137088    380.04
  206  216        14   -5     14    5          0.1918D-26      0.11991701D-04     264.137088    380.04
  206  245        14   -5     15   -4          0.1648D-03      0.48252233D+03     264.137088    380.04
  207  180        14   -4     13   -3          0.9817D-02      0.13094358D+04     224.030524    322.34
  207  187        14   -4     13   -4          0.1256D-02      0.67181264D+03     224.030524    322.34
  207  214        14   -4     14    3          0.1420D-02      0.63790786D+03     224.030524    322.34
  208  180        14   -3     13   -3          0.1305D-02      0.67174854D+03     202.759571    291.73
  208  185        14   -3     13   -2          0.3106D-02      0.92801212D+03     202.759571    291.73
  208  187        14   -3     13   -4          0.6246D-07      0.34125404D+02     202.759571    291.73
  208  213        14   -3     14    2          0.9119D-04      0.25293059D+03     202.759571    291.73
  208  214        14   -3     14    3          0.4300D-14      0.22062330D+00     202.759571    291.73
  209  180        14   -2     13   -3          0.1346D-03      0.41477329D+03     194.187800    279.40
  209  184        14   -2     13   -1          0.4790D-02      0.11178444D+04     194.187800    279.40
  209  185        14   -2     13   -2          0.1335D-02      0.67103687D+03     194.187800    279.40
  209  210        14   -2     14    1          0.8431D-03      0.52744332D+03     194.187800    279.40
  210  181        14    1     13    2          0.6190D-05      0.14055618D+03     176.594187    254.08
  210  182        14    1     13    1          0.1322D-02      0.66531326D+03     176.594187    254.08
  210  183        14    1     13    0          0.4863D-02      0.93231231D+03     176.594187    254.08
  211  182        14    0     13    1          0.3417D-03      0.40349722D+03     167.860946    241.52
  211  183        14    0     13    0          0.1360D-02      0.67049628D+03     167.860946    241.52
  212  184        14   -1     13   -1          0.1391D-02      0.67678243D+03     179.475558    258.23
  212  185        14   -1     13   -2          0.2711D-04      0.22997487D+03     179.475558    258.23
  212  210        14   -1     14    1          0.2868D-07      0.86381327D+02     179.475558    258.23
  212  211        14   -1     14    0          0.4898D-03      0.34819736D+03     179.475558    258.23
  213  181        14    2     13    2          0.1341D-02      0.67204416D+03     194.322715    279.59
  213  182        14    2     13    1          0.5879D-02      0.11968012D+04     194.322715    279.59
  213  186        14    2     13    3          0.1387D-03      0.41896077D+03     194.322715    279.59
  213  209        14    2     14   -2          0.1178D-10      0.40446595D+01     194.322715    279.59
  213  212        14    2     14   -1          0.5067D-03      0.44510665D+03     194.322715    279.59
  214  179        14    3     13    4          0.6125D-07      0.33902386D+02     202.752211    291.72
  214  181        14    3     13    2          0.3074D-02      0.92475413D+03     202.752211    291.72
  214  186        14    3     13    3          0.1304D-02      0.67167074D+03     202.752211    291.72
  214  209        14    3     14   -2          0.9539D-04      0.25675463D+03     202.752211    291.72
  215  179        14    4     13    4          0.1256D-02      0.67181455D+03     224.030668    322.34
  215  186        14    4     13    3          0.9820D-02      0.13095829D+04     224.030668    322.34
  215  207        14    4     14   -4          0.5680D-19      0.43050203D-02     224.030668    322.34
  215  208        14    4     14   -3          0.1418D-02      0.63769154D+03     224.030668    322.34
  216  179        14    5     13    4          0.3217D-01      0.18741749D+04     264.137088    380.04
  216  188        14    5     13    5          0.1192D-02      0.67160659D+03     264.137088    380.04
  216  207        14    5     14   -4          0.9124D-02      0.12023647D+04     264.137088    380.04
  216  237        14    5     15    4          0.1648D-03      0.48251489D+03     264.137088    380.04
  217  178        14   -6     13   -5          0.3393D-01      0.18419155D+04     303.174384    436.21
  217  189        14   -6     13   -6          0.1115D-02      0.67150475D+03     303.174384    436.21
  217  216        14   -6     14    5          0.7970D-02      0.11703089D+04     303.174384    436.21
  217  236        14   -6     15   -5          0.1099D-03      0.45072097D+03     303.174384    436.21
  218  189        14   -7     13   -6          0.3143D-01      0.17365685D+04     338.701083    487.32
  218  190        14   -7     13   -7          0.1025D-02      0.67153135D+03     338.701083    487.32
  218  205        14   -7     14    6          0.5607D-02      0.10650638D+04     338.701083    487.32
  218  247        14   -7     15   -6          0.3964D-04      0.34560341D+03     338.701083    487.32
  219  190        14   -8     13   -7          0.7676D-01      0.22654541D+04     391.868616    563.82
  219  191        14   -8     13   -8          0.9202D-03      0.67157790D+03     391.868616    563.82
  219  204        14   -8     14    7          0.1723D-01      0.15939228D+04     391.868616    563.82
  219  248        14   -8     15   -7          0.4993D-03      0.87442937D+03     391.868616    563.82
  220  191        14   -9     13   -8          0.1445D+00      0.27135642D+04     459.981938    661.82
  220  192        14   -9     13   -9          0.8015D-03      0.67154494D+03     459.981938    661.82
  220  203        14   -9     14    8          0.3246D-01      0.20419863D+04     459.981938    661.82
  220  249        14   -9     15   -8          0.1295D-02      0.13224333D+04     459.981938    661.82
  221  192        14  -10     13   -9          0.1261D+00      0.25190145D+04     521.606882    750.49
  221  193        14  -10     13  -10          0.6690D-03      0.67150826D+03     521.606882    750.49
  221  202        14  -10     14    9          0.2090D-01      0.18474696D+04     521.606882    750.49
  221  250        14  -10     15   -9          0.5742D-03      0.11279596D+04     521.606882    750.49
  222  193        14  -11     13  -10          0.1533D+00      0.26152088D+04     586.441745    843.77
  222  194        14  -11     13  -11          0.5227D-03      0.67151373D+03     586.441745    843.77
  222  201        14  -11     14   10          0.2029D-01      0.19437006D+04     586.441745    843.77
  222  251        14  -11     15  -10          0.4894D-03      0.12242401D+04     586.441745    843.77
  223  194        14  -12     13  -11          0.3086D+00      0.32149281D+04     671.280904    965.84
  223  195        14  -12     13  -12          0.3624D-03      0.67154945D+03     671.280904    965.84
  223  200        14  -12     14   11          0.3545D-01      0.25434144D+04     671.280904    965.84
  223  252        14  -12     15  -11          0.9711D-03      0.18239489D+04     671.280904    965.84
  224  195        14  -13     13  -12          0.4231D+00      0.34810962D+04     764.997283   1100.68
  224  196        14  -13     13  -13          0.1882D-03      0.67154231D+03     764.997283   1100.68
  224  199        14  -13     14   12          0.3308D-01      0.28095468D+04     764.997283   1100.68
  224  253        14  -13     15  -12          0.7305D-03      0.20900316D+04     764.997283   1100.68
  225  196        14  -14     13  -13          0.3671D+00      0.32391080D+04     850.642043   1223.90
  225  198        14  -14     14   13          0.1309D-01      0.25675657D+04     850.642043   1223.90
  225  254        14  -14     15  -13          0.1684D-03      0.18480632D+04     850.642043   1223.90
  226  197        15   15     14   14          0.5097D+00      0.36077135D+04     970.982394   1397.05
  226  255        15   15     15  -14          0.1747D-01      0.28882427D+04     970.982394   1397.05
  227  197        15   14     14   14          0.2170D-03      0.71947080D+03     874.641002   1258.43
  227  198        15   14     14   13          0.3598D+00      0.32870365D+04     874.641002   1258.43
  227  254        15   14     15  -13          0.2373D-01      0.25675340D+04     874.641002   1258.43
  228  198        15   13     14   13          0.4191D-03      0.71950248D+03     788.997299   1135.21
  228  199        15   13     14   12          0.4145D+00      0.35290492D+04     788.997299   1135.21
  228  253        15   13     15  -12          0.4503D-01      0.28095340D+04     788.997299   1135.21
  229  199        15   12     14   12          0.6063D-03      0.71951520D+03     695.281345   1000.37
  229  200        15   12     14   11          0.3043D+00      0.32629296D+04     695.281345   1000.37
  229  252        15   12     15  -11          0.4296D-01      0.25434641D+04     695.281345   1000.37
  230  200        15   11     14   11          0.7783D-03      0.71946544D+03     610.440526    878.30
  230  201        15   11     14   10          0.1532D+00      0.26631660D+04     610.440526    878.30
  230  251        15   11     15  -10          0.2308D-01      0.19437055D+04     610.440526    878.30
  231  201        15   10     14   10          0.9354D-03      0.71946048D+03     545.605497    785.02
  231  202        15   10     14    9          0.1266D+00      0.25669301D+04     545.605497    785.02
  231  250        15   10     15   -9          0.2286D-01      0.18474201D+04     545.605497    785.02
  232  202        15    9     14    9          0.1078D-02      0.71951000D+03     483.982205    696.35
  232  203        15    9     14    8          0.1450D+00      0.27614963D+04     483.982205    696.35
  232  249        15    9     15   -8          0.3457D-01      0.20419433D+04     483.982205    696.35
  233  203        15    8     14    8          0.1205D-02      0.71955300D+03     415.870317    598.35
  233  204        15    8     14    7          0.7817D-01      0.23134758D+04     415.870317    598.35
  233  248        15    8     15   -7          0.1801D-01      0.15939824D+04     415.870317    598.35
  234  204        15    7     14    7          0.1317D-02      0.71949340D+03     362.700796    521.85
  234  205        15    7     14    6          0.3276D-01      0.17845572D+04     362.700796    521.85
  234  247        15    7     15   -6          0.5783D-02      0.10650968D+04     362.700796    521.85
  235  205        15    6     14    6          0.1414D-02      0.71946037D+03     327.172996    470.74
  235  216        15    6     14    5          0.3536D-01      0.18897692D+04     327.172996    470.74
  235  236        15    6     15   -5          0.8134D-02      0.11701813D+04     327.172996    470.74
  236  206        15   -5     14   -5          0.1497D-02      0.71958789D+03     288.139953    414.58
  236  207        15   -5     14   -4          0.3366D-01      0.19219526D+04     288.139953    414.58
  236  237        15   -5     15    4          0.9238D-02      0.12021028D+04     288.139953    414.58
  236  246        15   -5     15    5          0.1343D-25      0.23983400D-04     288.139953    414.58
  237  214        15    4     14    3          0.1068D-01      0.13577577D+04     248.042126    356.88
  237  215        15    4     14    4          0.1567D-02      0.71984550D+03     248.042126    356.88
  237  238        15    4     15   -3          0.1430D-02      0.63776689D+03     248.042126    356.88
  237  245        15    4     15   -4          0.2554D-18      0.74288581D-02     248.042126    356.88
  238  207        15   -3     14   -4          0.9108D-06      0.82082917D+02     226.768515    326.27
  238  208        15   -3     14   -3          0.1619D-02      0.71977015D+03     226.768515    326.27
  238  209        15   -3     14   -2          0.3557D-02      0.97674540D+03     226.768515    326.27
  238  243        15   -3     15    2          0.9114D-04      0.25257800D+03     226.768515    326.27
  238  244        15   -3     15    3          0.1268D-13      0.33074608D+00     226.768515    326.27
  239  208        15   -2     14   -3          0.1918D-03      0.46191125D+03     218.167269    313.90
  239  209        15   -2     14   -2          0.1650D-02      0.71888651D+03     218.167269    313.90
  239  212        15   -2     14   -1          0.5296D-02      0.11599485D+04     218.167269    313.90
  239  242        15   -2     15    1          0.8739D-03      0.53356018D+03     218.167269    313.90
  240  209        15   -1     14   -2          0.5199D-04      0.28396931D+03     203.659995    293.03
  240  212        15   -1     14   -1          0.1716D-02      0.72503130D+03     203.659995    293.03
  240  241        15   -1     15    0          0.5191D-03      0.35500257D+03     203.659995    293.03
  240  242        15   -1     15    1          0.3737D-07      0.98642990D+02     203.659995    293.03
  241  210        15    0     14    1          0.4982D-03      0.45641006D+03     191.818386    275.99
  241  211        15    0     14    0          0.1675D-02      0.71822610D+03     191.818386    275.99
  242  210        15    1     14    1          0.1630D-02      0.71276964D+03     200.369620    288.29
  242  211        15    1     14    0          0.5543D-02      0.97458568D+03     200.369620    288.29
  242  213        15    1     14    2          0.1353D-04      0.18128166D+03     200.369620    288.29
  243  210        15    2     14    1          0.6653D-02      0.12516107D+04     218.343421    314.15
  243  213        15    2     14    2          0.1658D-02      0.72012274D+03     218.343421    314.15
  243  214        15    2     14    3          0.1987D-03      0.46741278D+03     218.343421    314.15
  243  239        15    2     15   -2          0.2294D-10      0.52808989D+01     218.343421    314.15
  243  240        15    2     15   -1          0.4907D-03      0.44019809D+03     218.343421    314.15
  244  213        15    3     14    2          0.3510D-02      0.97236999D+03     226.757483    326.26
  244  214        15    3     14    3          0.1618D-02      0.71966003D+03     226.757483    326.26
  244  215        15    3     14    4          0.8997D-06      0.81747866D+02     226.757483    326.26
  244  239        15    3     15   -2          0.9661D-04      0.25752815D+03     226.757483    326.26
  245  207        15   -4     14   -4          0.1567D-02      0.71984238D+03     248.041878    356.88
  245  208        15   -4     14   -3          0.1067D-01      0.13575296D+04     248.041878    356.88
  245  244        15   -4     15    3          0.1432D-02      0.63809020D+03     248.041878    356.88
  246  215        15    5     14    4          0.3366D-01      0.19219483D+04     288.139952    414.58
  246  216        15    5     14    5          0.1497D-02      0.71958788D+03     288.139952    414.58
  246  245        15    5     15   -4          0.9238D-02      0.12021102D+04     288.139952    414.58
  247  206        15   -6     14   -5          0.3536D-01      0.18897692D+04     327.172996    470.74
  247  217        15   -6     14   -6          0.1414D-02      0.71946037D+03     327.172996    470.74
  247  246        15   -6     15    5          0.8134D-02      0.11701814D+04     327.172996    470.74
  248  217        15   -7     14   -6          0.3276D-01      0.17845572D+04     362.700796    521.85
  248  218        15   -7     14   -7          0.1317D-02      0.71949340D+03     362.700796    521.85
  248  235        15   -7     15    6          0.5783D-02      0.10650968D+04     362.700796    521.85
  249  218        15   -8     14   -7          0.7817D-01      0.23134758D+04     415.870317    598.35
  249  219        15   -8     14   -8          0.1205D-02      0.71955300D+03     415.870317    598.35
  249  234        15   -8     15    7          0.1801D-01      0.15939824D+04     415.870317    598.35
  250  219        15   -9     14   -8          0.1450D+00      0.27614963D+04     483.982205    696.35
  250  220        15   -9     14   -9          0.1078D-02      0.71951000D+03     483.982205    696.35
  250  233        15   -9     15    8          0.3457D-01      0.20419433D+04     483.982205    696.35
  251  220        15  -10     14   -9          0.1266D+00      0.25669301D+04     545.605497    785.02
  251  221        15  -10     14  -10          0.9354D-03      0.71946048D+03     545.605497    785.02
  251  232        15  -10     15    9          0.2286D-01      0.18474201D+04     545.605497    785.02
  252  221        15  -11     14  -10          0.1532D+00      0.26631660D+04     610.440526    878.30
  252  222        15  -11     14  -11          0.7783D-03      0.71946544D+03     610.440526    878.30
  252  231        15  -11     15   10          0.2308D-01      0.19437055D+04     610.440526    878.30
  253  222        15  -12     14  -11          0.3043D+00      0.32629296D+04     695.281345   1000.37
  253  223        15  -12     14  -12          0.6063D-03      0.71951520D+03     695.281345   1000.37
  253  230        15  -12     15   11          0.4296D-01      0.25434641D+04     695.281345   1000.37
  254  223        15  -13     14  -12          0.4145D+00      0.35290492D+04     788.997299   1135.21
  254  224        15  -13     14  -13          0.4191D-03      0.71950248D+03     788.997299   1135.21
  254  229        15  -13     15   12          0.4503D-01      0.28095340D+04     788.997299   1135.21
  255  224        15  -14     14  -13          0.3598D+00      0.32870365D+04     874.641002   1258.43
  255  225        15  -14     14  -14          0.2170D-03      0.71947080D+03     874.641002   1258.43
  255  228        15  -14     15   13          0.2373D-01      0.25675340D+04     874.641002   1258.43
  256  225        15  -15     14  -14          0.5097D+00      0.36077135D+04     970.982394   1397.05
  256  227        15  -15     15   14          0.1747D-01      0.28882427D+04     970.982394   1397.05
