  915
    1    2         0    0      1   -1          0.1486E-04      0.10860094E+03       9.111274     13.11
    3    1         1    0      0    0          0.3437E-06      0.47966803E+02      10.711275     15.41
    3    2         1    0      1   -1          0.2227E-04      0.15656775E+03      10.711275     15.41
    3    5         1    0      2   -1          0.1293E-05      0.60637734E+02      10.711275     15.41
    4    1         1    1      0    0          0.3765E-04      0.21352762E+03      16.233788     23.36
    4    3         1    1      1    0          0.2633E-04      0.16556082E+03      16.233788     23.36
    4    6         1    1      2    0          0.6530E-06      0.69635049E+02      16.233788     23.36
    5    2         2   -1      1   -1          0.2475E-05      0.95930011E+02       8.688618     12.50
    6    2         2    0      1   -1          0.1868E-04      0.25249351E+03      13.911013     20.02
    6    3         2    0      1    0          0.3299E-05      0.95925769E+02      13.911013     20.02
    6    5         2    0      2   -1          0.2226E-04      0.15656350E+03      13.911013     20.02
    6   10         2    0      3   -1          0.9455E-08      0.12676942E+02      13.911013     20.02
    7    3         2    1      1    0          0.6224E-04      0.26149577E+03      19.433833     27.96
    7    4         2    1      1    1          0.2475E-05      0.95934955E+02      19.433833     27.96
    7    6         2    1      2    0          0.2633E-04      0.16557000E+03      19.433833     27.96
    7   11         2    1      3    0          0.2371E-07      0.21700939E+02      19.433833     27.96
    8    4         2    2      1    1          0.1271E-04      0.12223458E+03      20.311094     29.22
    8    7         2    2      2    1          0.7035E-07      0.26299621E+02      20.311094     29.22
    9    2         2   -2      1   -1          0.9767E-03      0.51961263E+03      22.821147     32.84
    9    5         2   -2      2   -1          0.2941E-03      0.42368261E+03      22.821147     32.84
    9   10         2   -2      3   -1          0.1694E-04      0.27979605E+03      22.821147     32.84
   10    5         3   -1      2   -1          0.1060E-04      0.14388656E+03      13.488156     19.41
   11    5         3    0      2   -1          0.4495E-04      0.30043257E+03      18.709968     26.92
   11    6         3    0      2    0          0.1192E-04      0.14386907E+03      18.709968     26.92
   11   10         3    0      3   -1          0.2226E-04      0.15654601E+03      18.709968     26.92
   12    6         3    1      2    0          0.9826E-04      0.30947415E+03      24.233958     34.87
   12    7         3    1      2    1          0.1061E-04      0.14390414E+03      24.233958     34.87
   12    8         3    1      2    2          0.8987E-06      0.11760452E+03      24.233958     34.87
   12   11         3    1      3    0          0.2635E-04      0.16560508E+03      24.233958     34.87
   13    7         3    2      2    1          0.2725E-04      0.17021810E+03      25.111697     36.13
   13    8         3    2      2    2          0.6632E-05      0.14391848E+03      25.111697     36.13
   13   12         3    2      3    1          0.8809E-07      0.26313957E+02      25.111697     36.13
   14    5         3   -2      2   -1          0.1010E-02      0.56759794E+03      27.621644     39.74
   14    9         3   -2      2   -2          0.6631E-05      0.14391533E+03      27.621644     39.74
   14   10         3   -2      3   -1          0.3678E-03      0.42371138E+03      27.621644     39.74
   14   17         3   -2      4   -1          0.1550E-04      0.23187841E+03      27.621644     39.74
   15    8         3    3      2    2          0.2551E-02      0.67519276E+03      42.833097     61.63
   15   13         3    3      3    2          0.4350E-03      0.53127428E+03      42.833097     61.63
   15   20         3    3      4    2          0.1620E-04      0.33936795E+03      42.833097     61.63
   16    9         3   -3      2   -2          0.6315E-02      0.91335739E+03      53.287465     76.67
   16   14         3   -3      3   -2          0.1321E-02      0.76944206E+03      53.287465     76.67
   16   21         3   -3      4   -2          0.7983E-04      0.57754036E+03      53.287465     76.67
   17   10         4   -1      3   -1          0.2748E-04      0.19183297E+03      19.887014     28.61
   17   11         4   -1      3    0          0.1416E-06      0.35286962E+02      19.887014     28.61
   18   10         4    0      3   -1          0.8173E-04      0.34833490E+03      25.107356     36.12
   18   11         4    0      3    0          0.2930E-04      0.19178889E+03      25.107356     36.12
   18   12         4    0      3    1          0.3471E-07      0.26183811E+02      25.107356     36.12
   18   17         4    0      4   -1          0.2224E-04      0.15650193E+03      25.107356     36.12
   19   11         4    1      3    0          0.1472E-03      0.35748046E+03      30.634231     44.08
   19   12         4    1      3    1          0.2750E-04      0.19187537E+03      30.634231     44.08
   19   13         4    1      3    2          0.4388E-05      0.16556142E+03      30.634231     44.08
   19   18         4    1      4    0          0.2639E-04      0.16569156E+03      30.634231     44.08
   20   12         4    2      3    1          0.5024E-04      0.21822029E+03      31.513003     45.34
   20   13         4    2      3    2          0.2201E-04      0.19190633E+03      31.513003     45.34
   20   19         4    2      4    1          0.9547E-07      0.26344916E+02      31.513003     45.34
   21   10         4   -2      3   -1          0.1128E-02      0.61561309E+03      34.022796     48.95
   21   14         4   -2      3   -2          0.2201E-04      0.19190171E+03      34.022796     48.95
   21   17         4   -2      4   -1          0.3974E-03      0.42378012E+03      34.022796     48.95
   21   26         4   -2      5   -1          0.9639E-05      0.18401426E+03      34.022796     48.95
   22   13         4    3      3    2          0.2560E-02      0.72315522E+03      49.233556     70.84
   22   15         4    3      3    3          0.1284E-04      0.19188094E+03      49.233556     70.84
   22   20         4    3      4    2          0.6089E-03      0.53124889E+03      49.233556     70.84
   22   29         4    3      5    2          0.1913E-04      0.29134201E+03      49.233556     70.84
   23   14         4   -3      3   -2          0.6013E-02      0.96131449E+03      59.687640     85.88
   23   16         4   -3      3   -3          0.1283E-04      0.19187243E+03      59.687640     85.88
   23   21         4   -3      4   -2          0.1850E-02      0.76941279E+03      59.687640     85.88
   23   30         4   -3      5   -2          0.1148E-03      0.52951213E+03      59.687640     85.88
   24   16         4   -4      3   -3          0.3374E-02      0.72038856E+03      77.317038    111.24
   24   23         4   -4      4   -3          0.3426E-03      0.52851613E+03      77.317038    111.24
   24   32         4   -4      5   -3          0.6203E-05      0.28867543E+03      77.317038    111.24
   25   15         4    4      3    3          0.1564E-01      0.12012865E+04      82.903697    119.28
   25   22         4    4      4    3          0.2387E-02      0.10094056E+04      82.903697    119.28
   25   31         4    4      5    3          0.1175E-03      0.76954502E+03      82.903697    119.28
   26   17         5   -1      4   -1          0.5620E-04      0.23976586E+03      27.884742     40.12
   26   18         5   -1      4    0          0.1827E-05      0.83263931E+02      27.884742     40.12
   27   17         5    0      4   -1          0.1312E-03      0.39617946E+03      33.102137     47.63
   27   18         5    0      4    0          0.5848E-04      0.23967753E+03      33.102137     47.63
   27   19         5    0      4    1          0.8544E-06      0.73985971E+02      33.102137     47.63
   27   26         5    0      5   -1          0.2220E-04      0.15641360E+03      33.102137     47.63
   28   18         5    1      4    0          0.2111E-03      0.40554090E+03      38.634743     55.59
   28   19         5    1      4    1          0.5626E-04      0.23984934E+03      38.634743     55.59
   28   20         5    1      4    2          0.1232E-04      0.21350442E+03      38.634743     55.59
   28   27         5    1      5    0          0.2647E-04      0.16586337E+03      38.634743     55.59
   29   19         5    2      4    1          0.8362E-04      0.26625180E+03      39.515434     56.85
   29   20         5    2      4    2          0.4926E-04      0.23990688E+03      39.515434     56.85
   29   28         5    2      5    1          0.9965E-07      0.26402456E+02      39.515434     56.85
   30   17         5   -2      4   -1          0.1295E-02      0.66368077E+03      42.025019     60.47
   30   21         5   -2      4   -2          0.4926E-04      0.23990066E+03      42.025019     60.47
   30   26         5   -2      5   -1          0.4125E-03      0.42391491E+03      42.025019     60.47
   30   37         5   -2      6   -1          0.4445E-05      0.13623303E+03      42.025019     60.47
   31   20         5    3      4    2          0.2708E-02      0.77110946E+03      57.234442     82.35
   31   22         5    3      4    3          0.3751E-04      0.23986057E+03      57.234442     82.35
   31   29         5    3      5    2          0.6957E-03      0.53120258E+03      57.234442     82.35
   31   40         5    3      6    2          0.1519E-04      0.24327967E+03      57.234442     82.35
   32   21         5   -3      4   -2          0.6072E-02      0.10092535E+04      67.687863     97.39
   32   23         5   -3      4   -3          0.3750E-04      0.23984070E+03      67.687863     97.39
   32   30         5   -3      5   -2          0.2113E-02      0.76935283E+03      67.687863     97.39
   32   41         5   -3      6   -2          0.1177E-03      0.48143742E+03      67.687863     97.39
   33   23         5   -4      4   -3          0.3445E-02      0.76835625E+03      85.317242    122.75
   33   24         5   -4      4   -4          0.2109E-04      0.23984012E+03      85.317242    122.75
   33   32         5   -4      5   -3          0.5139E-03      0.52851555E+03      85.317242    122.75
   33   43         5   -4      6   -3          0.7355E-05      0.24070646E+03      85.317242    122.75
   34   22         5    4      4    3          0.1481E-01      0.12492470E+04      90.903943    130.79
   34   25         5    4      4    4          0.2110E-04      0.23984137E+03      90.903943    130.79
   34   31         5    4      5    3          0.3580E-02      0.10093864E+04      90.903943    130.79
   34   42         5    4      6    3          0.1981E-03      0.72153993E+03      90.903943    130.79
   35   24         5   -5      4   -4          0.9313E-02      0.99364681E+03     110.461523    158.93
   35   33         5   -5      5   -4          0.8283E-03      0.75380670E+03     110.461523    158.93
   35   44         5   -5      6   -4          0.1779E-04      0.46599875E+03     110.461523    158.93
   36   25         5    5      4    4          0.1197E-01      0.10802212E+04     118.935992    171.13
   36   34         5    5      5    4          0.1148E-02      0.84037981E+03     118.935992    171.13
   36   45         5    5      6    4          0.2966E-04      0.55256918E+03     118.935992    171.13
   37   26         6   -1      5   -1          0.9983E-04      0.28768188E+03      37.480775     53.93
   37   27         6   -1      5    0          0.7066E-05      0.13126828E+03      37.480775     53.93
   38   26         6    0      5   -1          0.1952E-03      0.44394107E+03      42.693019     61.43
   38   27         6    0      5    0          0.1025E-03      0.28752747E+03      42.693019     61.43
   38   28         6    0      5    1          0.4018E-05      0.12166410E+03      42.693019     61.43
   38   37         6    0      6   -1          0.2213E-04      0.15625918E+03      42.693019     61.43
   39   27         6    1      5    0          0.2917E-03      0.45369008E+03      48.235607     69.40
   39   28         6    1      5    1          0.9998E-04      0.28782671E+03      48.235607     69.40
   39   29         6    1      5    2          0.2658E-04      0.26142426E+03      48.235607     69.40
   39   38         6    1      6    0          0.2661E-04      0.16616262E+03      48.235607     69.40
   40   28         6    2      5    1          0.1293E-03      0.31432536E+03      49.119507     70.67
   40   29         6    2      5    2          0.9150E-04      0.28792291E+03      49.119507     70.67
   40   39         6    2      6    1          0.1028E-06      0.26498650E+02      49.119507     70.67
   41   26         6   -2      5   -1          0.1502E-02      0.71183032E+03      51.628842     74.28
   41   30         6   -2      5   -2          0.9149E-04      0.28791541E+03      51.628842     74.28
   41   37         6   -2      6   -1          0.4216E-03      0.42414844E+03      51.628842     74.28
   41   50         6   -2      7   -1          0.1329E-05      0.88570732E+02      51.628842     74.28
   42   29         6    3      5    2          0.2942E-02      0.81904904E+03      66.835965     96.16
   42   31         6    3      5    3          0.7714E-04      0.28784646E+03      66.835965     96.16
   42   40         6    3      6    2          0.7450E-03      0.53112613E+03      66.835965     96.16
   42   53         6    3      7    2          0.9479E-05      0.19516947E+03      66.835965     96.16
   43   30         6   -3      5   -2          0.6327E-02      0.10571619E+04      77.288140    111.20
   43   32         6   -3      5   -3          0.7711E-04      0.28780908E+03      77.288140    111.20
   43   41         6   -3      6   -2          0.2263E-02      0.76924650E+03      77.288140    111.20
   43   54         6   -3      7   -2          0.1037E-03      0.43329712E+03      77.288140    111.20
   44   32         6   -4      5   -3          0.3641E-02      0.81632350E+03      94.917480    136.57
   44   33         6   -4      5   -4          0.5712E-04      0.28780795E+03      94.917480    136.57
   44   43         6   -4      6   -3          0.6117E-03      0.52851441E+03      94.917480    136.57
   44   56         6   -4      7   -3          0.5477E-05      0.19273681E+03      94.917480    136.57
   45   31         6    4      5    3          0.1461E-01      0.12971970E+04     100.504271    144.61
   45   34         6    4      5    4          0.5712E-04      0.28781063E+03     100.504271    144.61
   45   42         6    4      6    3          0.4261E-02      0.10093506E+04     100.504271    144.61
   45   55         6    4      7    3          0.2337E-03      0.67351071E+03     100.504271    144.61
   46   33         6   -5      5   -4          0.9246E-02      0.10416199E+04     120.061938    172.75
   46   35         6   -5      5   -5          0.3142E-04      0.28781323E+03     120.061938    172.75
   46   44         6   -5      6   -4          0.1302E-02      0.75381198E+03     120.061938    172.75
   46   57         6   -5      7   -4          0.2794E-04      0.41803630E+03     120.061938    172.75
   47   34         6    5      5    4          0.1175E-01      0.11281863E+04     128.536183    184.94
   47   36         6    5      5    5          0.3141E-04      0.28780654E+03     128.536183    184.94
   47   45         6    5      6    4          0.1804E-02      0.84037571E+03     128.536183    184.94
   47   58         6    5      7    4          0.4914E-04      0.50459527E+03     128.536183    184.94
   48   36         6    6      5    5          0.1614E-01      0.11802320E+04     158.304289    227.77
   48   47         6    6      6    5          0.1178E-02      0.89242547E+03     158.304289    227.77
   48   60         6    6      7    5          0.2199E-04      0.55665290E+03     158.304289    227.77
   49   35         6   -6      5   -5          0.4374E-01      0.16454899E+04     165.349152    237.90
   49   46         6   -6      6   -5          0.4148E-02      0.13576767E+04     165.349152    237.90
   49   59         6   -6      7   -5          0.1361E-03      0.10218905E+04     165.349152    237.90
   50   37         7   -1      6   -1          0.1614E-03      0.33557771E+03      48.674441     70.03
   50   38         7   -1      6    0          0.1784E-04      0.17931852E+03      48.674441     70.03
   51   37         7    0      6   -1          0.2757E-03      0.49159073E+03      53.878474     77.52
   51   38         7    0      6    0          0.1644E-03      0.33533155E+03      53.878474     77.52
   51   39         7    0      6    1          0.1123E-04      0.16916893E+03      53.878474     77.52
   51   50         7    0      7   -1          0.2203E-04      0.15601302E+03      53.878474     77.52
   52   38         7    1      6    0          0.3913E-03      0.50197076E+03      59.436959     85.52
   52   39         7    1      6    1          0.1618E-03      0.33580814E+03      59.436959     85.52
   52   40         7    1      6    2          0.4905E-04      0.30930949E+03      59.436959     85.52
   52   51         7    1      7    0          0.2684E-04      0.16663921E+03      59.436959     85.52
   53   39         7    2      6    1          0.1894E-03      0.36245531E+03      60.325813     86.80
   53   40         7    2      6    2          0.1518E-03      0.33595666E+03      60.325813     86.80
   53   52         7    2      7    1          0.1058E-06      0.26647170E+02      60.325813     86.80
   54   37         7   -2      6   -1          0.1747E-02      0.76009782E+03      62.834905     90.41
   54   41         7   -2      6   -2          0.1518E-03      0.33594938E+03      62.834905     90.41
   54   50         7   -2      7   -1          0.4280E-03      0.42452011E+03      62.834905     90.41
   54   65         7   -2      8   -1          0.1407E-06      0.41070059E+02      62.834905     90.41
   55   40         7    3      6    2          0.3240E-02      0.86696599E+03      78.038375    112.28
   55   42         7    3      6    3          0.1348E-03      0.33583986E+03      78.038375    112.28
   55   53         7    3      7    2          0.7756E-03      0.53100932E+03      78.038375    112.28
   55   68         7    3      8    2          0.4607E-05      0.14699977E+03      78.038375    112.28
   56   41         7   -3      6   -2          0.6710E-02      0.11050241E+04      88.488473    127.32
   56   43         7   -3      6   -3          0.1348E-03      0.33577760E+03      88.488473    127.32
   56   54         7   -3      7   -2          0.2356E-02      0.76907472E+03      88.488473    127.32
   56   69         7   -3      8   -2          0.8281E-04      0.38506853E+03      88.488473    127.32
   57   43         7   -4      6   -3          0.3924E-02      0.86429010E+03     106.117750    152.68
   57   44         7   -4      6   -4          0.1112E-03      0.33577569E+03     106.117750    152.68
   57   56         7   -4      7   -3          0.6729E-03      0.52851250E+03     106.117750    152.68
   57   71         7   -4      8   -3          0.2933E-05      0.14476623E+03     106.117750    152.68
   58   42         7    4      6    3          0.1479E-01      0.13451310E+04     111.704699    160.72
   58   45         7    4      6    4          0.1112E-03      0.33578044E+03     111.704699    160.72
   58   55         7    4      7    3          0.4686E-02      0.10092911E+04     111.704699    160.72
   58   70         7    4      8    3          0.2366E-03      0.62544914E+03     111.704699    160.72
   59   44         7   -5      6   -4          0.9434E-02      0.10895981E+04     131.262557    188.86
   59   46         7   -5      6   -5          0.8086E-04      0.33578615E+03     131.262557    188.86
   59   57         7   -5      7   -4          0.1598E-02      0.75382244E+03     131.262557    188.86
   59   72         7   -5      8   -4          0.2940E-04      0.37007914E+03     131.262557    188.86
   60   45         7    5      6    4          0.1187E-01      0.11761483E+04     139.736349    201.05
   60   47         7    5      6    5          0.8085E-04      0.33577257E+03     139.736349    201.05
   60   58         7    5      7    4          0.2213E-02      0.84036785E+03     139.736349    201.05
   60   73         7    5      8    4          0.5523E-04      0.45661697E+03     139.736349    201.05
   61   47         7    6      6    5          0.1597E-01      0.12282039E+04     169.504650    243.88
   61   48         7    6      6    6          0.4380E-04      0.33577843E+03     169.504650    243.88
   61   60         7    6      7    5          0.1914E-02      0.89243133E+03     169.504650    243.88
   61   75         7    6      8    5          0.3818E-04      0.50869351E+03     169.504650    243.88
   62   46         7   -6      6   -5          0.4186E-01      0.16934566E+04     176.549561    254.02
   62   49         7   -6      6   -6          0.4380E-04      0.33577987E+03     176.549561    254.02
   62   59         7   -6      7   -5          0.6741E-02      0.13576704E+04     176.549561    254.02
   62   74         7   -6      8   -5          0.2679E-03      0.97390949E+03     176.549561    254.02
   63   48         7    7      6    6          0.6059E-01      0.18196760E+04     219.002138    315.10
   63   61         7    7      7    6          0.4739E-02      0.14838976E+04     219.002138    315.10
   63   76         7    7      8    6          0.1287E-03      0.11001495E+04     219.002138    315.10
   64   49         7   -7      6   -6          0.6169E-01      0.18305956E+04     226.411241    325.76
   64   62         7   -7      7   -6          0.4844E-02      0.14948158E+04     226.411241    325.76
   64   77         7   -7      8   -6          0.1326E-03      0.11110646E+04     226.411241    325.76
   65   50         8   -1      7   -1          0.2440E-03      0.38345006E+03      61.464956     88.44
   65   51         8   -1      7    0          0.3613E-04      0.22743703E+03      61.464956     88.44
   66   50         8    0      7   -1          0.3743E-03      0.53909625E+03      66.656753     95.91
   66   51         8    0      7    0          0.2472E-03      0.38308323E+03      66.656753     95.91
   66   52         8    0      7    1          0.2422E-04      0.21644401E+03      66.656753     95.91
   66   65         8    0      8   -1          0.2187E-04      0.15564620E+03      66.656753     95.91
   67   51         8    1      7    0          0.5122E-03      0.55043347E+03      72.238956    103.94
   67   52         8    1      7    1          0.2447E-03      0.38379425E+03      72.238956    103.94
   67   53         8    1      7    2          0.8162E-04      0.35714708E+03      72.238956    103.94
   67   66         8    1      8    0          0.2719E-04      0.16735024E+03      72.238956    103.94
   68   52         8    2      7    1          0.2659E-03      0.41065672E+03      73.134991    105.23
   68   53         8    2      7    2          0.2334E-03      0.38400955E+03      73.134991    105.23
   68   67         8    2      8    1          0.1093E-06      0.26862469E+02      73.134991    105.23
   69   50         8   -2      7   -1          0.2029E-02      0.80852631E+03      75.643972    108.84
   69   54         8   -2      7   -2          0.2334E-03      0.38400619E+03      75.643972    108.84
   69   65         8   -2      8   -1          0.4332E-03      0.42507625E+03      75.643972    108.84
   70   53         8    3      7    2          0.3593E-02      0.91485133E+03      90.841965    130.70
   70   55         8    3      7    3          0.2137E-03      0.38384201E+03      90.841965    130.70
   70   68         8    3      8    2          0.7955E-03      0.53084178E+03      90.841965    130.70
   70   85         8    3      9    2          0.1534E-05      0.98760125E+02      90.841965    130.70
   71   54         8   -3      7   -2          0.7189E-02      0.11528210E+04     101.288869    145.73
   71   56         8   -3      7   -3          0.2135E-03      0.38374627E+03     101.288869    145.73
   71   69         8   -3      8   -2          0.2417E-02      0.76881480E+03     101.288869    145.73
   71   86         8   -3      9   -2          0.6080E-04      0.33672495E+03     101.288869    145.73
   72   56         8   -4      7   -3          0.4275E-02      0.91225580E+03     118.918047    171.10
   72   57         8   -4      7   -4          0.1864E-03      0.38374330E+03     118.918047    171.10
   72   71         8   -4      8   -3          0.7137E-03      0.52850953E+03     118.918047    171.10
   72   88         8   -4      9   -3          0.1032E-05      0.96794406E+02     118.918047    171.10
   73   55         8    4      7    3          0.1522E-01      0.13930420E+04     124.505249    179.14
   73   58         8    4      7    4          0.1864E-03      0.38375087E+03     124.505249    179.14
   73   70         8    4      8    3          0.4969E-02      0.10092000E+04     124.505249    179.14
   73   87         8    4      9    3          0.2189E-03      0.57734586E+03     124.505249    179.14
   74   57         8   -5      7   -4          0.9796E-02      0.11375834E+04     144.063442    207.28
   74   59         8   -5      7   -5          0.1514E-03      0.38376093E+03     144.063442    207.28
   74   72         8   -5      8   -4          0.1795E-02      0.75384007E+03     144.063442    207.28
   74   89         8   -5      9   -4          0.2535E-04      0.32212928E+03     144.063442    207.28
   75   58         8    5      7    4          0.1221E-01      0.12241057E+04     152.536463    219.47
   75   60         8    5      7    5          0.1514E-03      0.38373782E+03     152.536463    219.47
   75   73         8    5      8    4          0.2486E-02      0.84035479E+03     152.536463    219.47
   75   90         8    5      9    4          0.5174E-04      0.40863276E+03     152.536463    219.47
   76   60         8    6      7    5          0.1614E-01      0.12761794E+04     182.305105    262.30
   76   61         8    6      7    6          0.1087E-03      0.38374804E+03     182.305105    262.30
   76   75         8    6      8    5          0.2405E-02      0.89244155E+03     182.305105    262.30
   76   92         8    6      9    5          0.4450E-04      0.46073939E+03     182.305105    262.30
   77   59         8   -6      7   -5          0.4100E-01      0.17414216E+04     189.350121    272.44
   77   62         8   -6      7   -6          0.1087E-03      0.38375119E+03     189.350121    272.44
   77   74         8   -6      8   -5          0.8469E-02      0.13576607E+04     189.350121    272.44
   77   91         8   -6      9   -5          0.3612E-03      0.92592284E+03     189.350121    272.44
   78   61         8    7      7    6          0.5836E-01      0.18676462E+04     231.802612    333.52
   78   63         8    7      7    7          0.5824E-04      0.38374862E+03     231.802612    333.52
   78   76         8    7      8    6          0.7898E-02      0.14838981E+04     231.802612    333.52
   78   93         8    7      9    6          0.2650E-03      0.10521800E+04     231.802612    333.52
   79   62         8   -7      7   -6          0.5939E-01      0.18785574E+04     239.211482    344.18
   79   64         8   -7      7   -7          0.5824E-04      0.38374163E+03     239.211482    344.18
   79   77         8   -7      8   -6          0.8074E-02      0.14948062E+04     239.211482    344.18
   79   94         8   -7      9   -6          0.2733E-03      0.10630826E+04     239.211482    344.18
   80   64         8   -8      7   -7          0.4722E-01      0.16646381E+04     281.937583    405.65
   80   79         8   -8      8   -7          0.2709E-02      0.12808965E+04     281.937583    405.65
   80   96         8   -8      9   -7          0.4644E-04      0.84918966E+03     281.937583    405.65
   81   63         8    8      7    7          0.1052E+00      0.21738449E+04     291.513789    419.43
   81   78         8    8      8    7          0.7395E-02      0.17900963E+04     291.513789    419.43
   81   95         8    8      9    7          0.1901E-03      0.13583761E+04     291.513789    419.43
   82   65         9   -1      8   -1          0.3507E-03      0.43129573E+03      75.851431    109.14
   82   66         9   -1      8    0          0.6395E-04      0.27564953E+03      75.851431    109.14
   82   69         9   -1      8   -2          0.4571E-09      0.62194772E+01      75.851431    109.14
   83   65         9    0      8   -1          0.4926E-03      0.58642310E+03      81.025922    116.58
   83   66         9    0      8    0          0.3538E-03      0.43077691E+03      81.025922    116.58
   83   67         9    0      8    1          0.4465E-04      0.26342667E+03      81.025922    116.58
   83   82         9    0      9   -1          0.2166E-04      0.15512738E+03      81.025922    116.58
   84   66         9    1      8    0          0.6567E-03      0.59913580E+03      86.641770    124.66
   84   67         9    1      8    1          0.3519E-03      0.43178556E+03      86.641770    124.66
   84   68         9    1      8    2          0.1261E-03      0.40492309E+03      86.641770    124.66
   84   83         9    1      9    0          0.2768E-04      0.16835889E+03      86.641770    124.66
   85   67         9    2      8    1          0.3607E-03      0.45894412E+03      87.547682    125.96
   85   68         9    2      8    2          0.3394E-03      0.43208165E+03      87.547682    125.96
   85   84         9    2      9    1          0.1136E-06      0.27158565E+02      87.547682    125.96
   86   65         9   -2      8   -1          0.2350E-02      0.85716610E+03      90.056935    129.57
   86   69         9   -2      8   -2          0.3394E-03      0.43208985E+03      90.056935    129.57
   86   82         9   -2      9   -1          0.4381E-03      0.42587037E+03      90.056935    129.57
   87   68         9    3      8    2          0.3995E-02      0.96269593E+03     105.247067    151.43
   87   70         9    3      8    3          0.3169E-03      0.43185415E+03     105.247067    151.43
   87   85         9    3      9    2          0.8089E-03      0.53061428E+03     105.247067    151.43
   87  104         9    3     10    2          0.2195E-06      0.50442966E+02     105.247067    151.43
   88   69         9   -3      8   -2          0.7749E-02      0.12005299E+04     115.689334    166.45
   88   71         9   -3      8   -3          0.3166E-03      0.43171512E+03     115.689334    166.45
   88   86         9   -3      9   -2          0.2457E-02      0.76844007E+03     115.689334    166.45
   88  105         9   -3     10   -2          0.4094E-04      0.28823521E+03     115.689334    166.45
   89   71         9   -4      8   -3          0.4686E-02      0.96022031E+03     133.318367    191.82
   89   72         9   -4      8   -4          0.2858E-03      0.43171078E+03     133.318367    191.82
   89   88         9   -4      9   -3          0.7422E-03      0.52850519E+03     133.318367    191.82
   89  107         9   -4     10   -3          0.1492E-06      0.48821005E+02     133.318367    191.82
   90   70         9    4      8    3          0.1583E-01      0.14409220E+04     138.905944    199.86
   90   73         9    4      8    4          0.2858E-03      0.43172203E+03     138.905944    199.86
   90   87         9    4      9    3          0.5166E-02      0.10090679E+04     138.905944    199.86
   90  106         9    4     10    3          0.1900E-03      0.52919037E+03     138.905944    199.86
   91   72         9   -5      8   -4          0.1029E-01      0.11855779E+04     158.464664    228.00
   91   74         9   -5      8   -5          0.2463E-03      0.43173784E+03     158.464664    228.00
   91   89         9   -5      9   -4          0.1933E-02      0.75386712E+03     158.464664    228.00
   91  108         9   -5     10   -4          0.1888E-04      0.27418900E+03     158.464664    228.00
   92   73         9    5      8    4          0.1271E-01      0.12720569E+04     166.936495    240.19
   92   75         9    5      8    5          0.2462E-03      0.43170216E+03     166.936495    240.19
   92   90         9    5      9    4          0.2678E-02      0.84033492E+03     166.936495    240.19
   92  109         9    5     10    4          0.4297E-04      0.36064093E+03     166.936495    240.19
   93   75         9    6      8    5          0.1654E-01      0.13241597E+04     196.705670    283.02
   93   76         9    6      8    6          0.1979E-03      0.43171816E+03     196.705670    283.02
   93   92         9    6      9    5          0.2749E-02      0.89245754E+03     196.705670    283.02
   93  111         9    6     10    5          0.4295E-04      0.41279206E+03     196.705670    283.02
   94   74         9   -6      8   -5          0.4082E-01      0.17893843E+04     203.750868    293.16
   94   77         9   -6      8   -6          0.1979E-03      0.43172362E+03     203.750868    293.16
   94   91         9   -6      9   -5          0.9678E-02      0.13576465E+04     203.750868    293.16
   94  110         9   -6     10   -5          0.4132E-03      0.87792931E+03     203.750868    293.16
   95   76         9    7      8    6          0.5724E-01      0.19156184E+04     246.203246    354.24
   95   78         9    7      8    7          0.1407E-03      0.43172022E+03     246.203246    354.24
   95   93         9    7      9    6          0.1011E-01      0.14839002E+04     246.203246    354.24
   95  112         9    7     10    6          0.3710E-03      0.10042114E+04     246.203246    354.24
   96   77         9   -7      8   -6          0.5822E-01      0.19265130E+04     253.611669    364.90
   96   79         9   -7      8   -7          0.1407E-03      0.43170680E+03     253.611669    364.90
   96   94         9   -7      9   -6          0.1033E-01      0.14947894E+04     253.611669    364.90
   96  113         9   -7     10   -6          0.3832E-03      0.10150921E+04     253.611669    364.90
   97   79         9   -8      8   -7          0.4635E-01      0.17126040E+04     296.337794    426.37
   97   80         9   -8      8   -8          0.7474E-04      0.43170753E+03     296.337794    426.37
   97   96         9   -8      9   -7          0.4606E-02      0.12808972E+04     296.337794    426.37
   97  115         9   -8     10   -7          0.9423E-04      0.80122612E+03     296.337794    426.37
   98   78         9    8      8    7          0.1012E+00      0.22218067E+04     305.914096    440.15
   98   81         9    8      8    8          0.7474E-04      0.43171041E+03     305.914096    440.15
   98   95         9    8      9    7          0.1257E-01      0.17900865E+04     305.914096    440.15
   98  114         9    8     10    7          0.4122E-03      0.13103936E+04     305.914096    440.15
   99   80         9   -9      8   -8          0.1004E+00      0.21308827E+04     353.016171    507.92
   99   97         9   -9      9   -8          0.5692E-02      0.16991752E+04     353.016171    507.92
   99  116         9   -9     10   -8          0.1108E-03      0.12195044E+04     353.016171    507.92
  100   81         9    9      8    8          0.8004E-01      0.19755177E+04     357.409956    514.24
  100   98         9    9      9    8          0.4269E-02      0.15438073E+04     357.409956    514.24
  100  117         9    9     10    8          0.7358E-04      0.10641310E+04     357.409956    514.24
  101   82        10   -1      9   -1          0.4845E-03      0.47911164E+03      91.832873    132.13
  101   83        10   -1      9    0          0.1033E-03      0.32398426E+03      91.832873    132.13
  101   86        10   -1      9   -2          0.3002E-06      0.53241268E+02      91.832873    132.13
  102   82        10    0      9   -1          0.6322E-03      0.63353564E+03      96.983902    139.54
  102   83        10    0      9    0          0.4872E-03      0.47840827E+03      96.983902    139.54
  102   84        10    0      9    1          0.7410E-04      0.31004938E+03      96.983902    139.54
  102  101        10    0     10   -1          0.2136E-04      0.15442400E+03      96.983902    139.54
  103   83        10    1      9    0          0.8274E-03      0.64814139E+03     102.645589    147.69
  103   84        10    1      9    1          0.4865E-03      0.47978250E+03     102.645589    147.69
  103   85        10    1      9    2          0.1844E-03      0.45262394E+03     102.645589    147.69
  103  102        10    1     10    0          0.2837E-04      0.16973312E+03     102.645589    147.69
  104   84        10    2      9    1          0.4762E-03      0.50732988E+03     103.564470    149.01
  104   85        10    2      9    2          0.4729E-03      0.48017131E+03     103.564470    149.01
  104  103        10    2     10    1          0.1191E-06      0.27547375E+02     103.564470    149.01
  105   82        10   -2      9   -1          0.2713E-02      0.90607524E+03     106.074843    152.62
  105   86        10   -2      9   -2          0.4730E-03      0.48020486E+03     106.074843    152.62
  105  101        10   -2     10   -1          0.4433E-03      0.42696359E+03     106.074843    152.62
  106   85        10    3      9    2          0.4447E-02      0.10104918E+04     121.254055    174.46
  106   87        10    3      9    3          0.4475E-03      0.47987752E+03     121.254055    174.46
  106  104        10    3     10    2          0.8181E-03      0.53032049E+03     121.254055    174.46
  106  125        10    3     11    2          0.1548E-10      0.20459099E+01     121.254055    174.46
  107   86        10   -3      9   -2          0.8379E-02      0.12481243E+04     131.689874    189.48
  107   88        10   -3      9   -3          0.4469E-03      0.47968419E+03     131.689874    189.48
  107  105        10   -3     10   -2          0.2484E-02      0.76791939E+03     131.689874    189.48
  107  126        10   -3     11   -2          0.2486E-04      0.23956304E+03     131.689874    189.48
  108   88        10   -4      9   -3          0.5152E-02      0.10081833E+04     149.318704    214.84
  108   89        10   -4      9   -4          0.4125E-03      0.47967812E+03     149.318704    214.84
  108  107        10   -4     10   -3          0.7629E-03      0.52849913E+03     149.318704    214.84
  108  128        10   -4     11   -3          0.8505E-12      0.84564869E+00     149.318704    214.84
  109   87        10    4      9    3          0.1659E-01      0.14887619E+04     154.906811    222.88
  109   90        10    4      9    4          0.4126E-03      0.47969400E+03     154.906811    222.88
  109  106        10    4     10    3          0.5307E-02      0.10088844E+04     154.906811    222.88
  109  127        10    4     11    3          0.1565E-03      0.48097103E+03     154.906811    222.88
  110   89        10   -5      9   -4          0.1089E-01      0.12335843E+04     174.466303    251.02
  110   91        10   -5      9   -5          0.3684E-03      0.47971715E+03     174.466303    251.02
  110  108        10   -5     10   -4          0.2034E-02      0.75390615E+03     174.466303    251.02
  110  129        10   -5     11   -4          0.1222E-04      0.22626085E+03     174.466303    251.02
  111   90        10    5      9    4          0.1334E-01      0.13200004E+04     182.936411    263.21
  111   92        10    5      9    5          0.3683E-03      0.47966548E+03     182.936411    263.21
  111  109        10    5     10    4          0.2816E-02      0.84030641E+03     182.936411    263.21
  111  130        10    5     11    4          0.3223E-04      0.31263955E+03     182.936411    263.21
  112   92        10    6      9    5          0.1713E-01      0.13721464E+04     212.706366    306.04
  112   93        10    6      9    6          0.3143E-03      0.47968884E+03     212.706366    306.04
  112  111        10    6     10    5          0.2999E-02      0.89248090E+03     212.706366    306.04
  112  132        10    6     11    5          0.3659E-04      0.36485322E+03     212.706366    306.04
  113   91        10   -6      9   -5          0.4112E-01      0.18373437E+04     219.751845    316.18
  113   94        10   -6      9   -6          0.3143E-03      0.47969728E+03     219.751845    316.18
  113  110        10   -6     10   -5          0.1056E-01      0.13576266E+04     219.751845    316.18
  113  131        10   -6     11   -5          0.4307E-03      0.82992747E+03     219.751845    316.18
  114   93        10    7      9    6          0.5689E-01      0.19635931E+04     262.204076    377.26
  114   95        10    7      9    7          0.2505E-03      0.47969287E+03     262.204076    377.26
  114  112        10    7     10    6          0.1172E-01      0.14839042E+04     262.204076    377.26
  114  133        10    7     11    6          0.4392E-03      0.95624406E+03     262.204076    377.26
  115   94        10   -7      9   -6          0.5784E-01      0.19744605E+04     269.611772    387.92
  115   96        10   -7      9   -7          0.2504E-03      0.47967107E+03     269.611772    387.92
  115  113        10   -7     10   -6          0.1198E-01      0.14947632E+04     269.611772    387.92
  115  134        10   -7     11   -6          0.4543E-03      0.96709086E+03     269.611772    387.92
  116   96        10   -8      9   -7          0.4613E-01      0.17605680E+04     312.337887    449.39
  116   97        10   -8      9   -8          0.1768E-03      0.47967077E+03     312.337887    449.39
  116  115        10   -8     10   -7          0.5985E-02      0.12808969E+04     312.337887    449.39
  116  136        10   -8     11   -7          0.1288E-03      0.75326253E+03     312.337887    449.39
  117   95        10    8      9    7          0.9885E-01      0.22697628E+04     321.914372    463.17
  117   98        10    8      9    8          0.1768E-03      0.47967626E+03     321.914372    463.17
  117  114        10    8     10    7          0.1634E-01      0.17900699E+04     321.914372    463.17
  117  135        10    8     11    7          0.6063E-03      0.12624032E+04     321.914372    463.17
  118   97        10   -9      9   -8          0.9773E-01      0.21788568E+04     369.016623    530.94
  118   99        10   -9      9   -9          0.9331E-04      0.47968156E+03     369.016623    530.94
  118  116        10   -9     10   -8          0.9832E-02      0.16991860E+04     369.016623    530.94
  118  137        10   -9     11   -8          0.2423E-03      0.11715533E+04     369.016623    530.94
  119   98        10    9      9    8          0.7828E-01      0.20234795E+04     373.410096    537.26
  119  100        10    9      9    9          0.9330E-04      0.47967219E+03     373.410096    537.26
  119  117        10    9     10    8          0.7374E-02      0.15438032E+04     373.410096    537.26
  119  138        10    9     11    8          0.1581E-03      0.10161617E+04     373.410096    537.26
  120  100        10   10      9    9          0.1263E+00      0.22915661E+04     433.848364    624.22
  120  119        10   10     10    9          0.6274E-02      0.18118939E+04     433.848364    624.22
  120  140        10   10     11    9          0.1064E-03      0.12842610E+04     433.848364    624.22
  121   99        10  -10      9   -9          0.2129E+00      0.27268704E+04     443.974764    638.79
  121  118        10  -10     10   -9          0.1197E-01      0.22471888E+04     443.974764    638.79
  121  139        10  -10     11   -9          0.2554E-03      0.17195390E+04     443.974764    638.79
  122  101        11   -1     10   -1          0.6483E-03      0.52689487E+03     109.408191    157.42
  122  102        11   -1     10    0          0.1564E-03      0.37247087E+03     109.408191    157.42
  122  105        11   -1     10   -2          0.2059E-05      0.99931273E+02     109.408191    157.42
  123  101        11    0     10   -1          0.7945E-03      0.68039862E+03     114.528525    164.78
  123  102        11    0     10    0          0.6503E-03      0.52597462E+03     114.528525    164.78
  123  103        11    0     10    1          0.1140E-03      0.35624149E+03     114.528525    164.78
  123  122        11    0     11   -1          0.2098E-04      0.15350375E+03     114.528525    164.78
  124  102        11    1     10    0          0.1027E-02      0.69751846E+03     120.250610    173.02
  124  103        11    1     10    1          0.6516E-03      0.52778533E+03     120.250610    173.02
  124  104        11    1     10    2          0.2583E-03      0.50023796E+03     120.250610    173.02
  124  123        11    1     11    0          0.2929E-04      0.17154384E+03     120.250610    173.02
  125  103        11    2     10    1          0.6142E-03      0.55582195E+03     121.185811    174.36
  125  104        11    2     10    2          0.6371E-03      0.52827458E+03     121.185811    174.36
  125  124        11    2     11    1          0.1259E-06      0.28036619E+02     121.185811    174.36
  126  101        11   -2     10   -1          0.3119E-02      0.95531994E+03     123.698912    177.98
  126  105        11   -2     10   -2          0.6373E-03      0.52835635E+03     123.698912    177.98
  126  122        11   -2     11   -1          0.4493E-03      0.42842508E+03     123.698912    177.98
  127  104        11    3     10    2          0.4946E-02      0.10582338E+04     138.863346    199.80
  127  106        11    3     10    3          0.6086E-03      0.52791333E+03     138.863346    199.80
  127  125        11    3     11    2          0.8242E-03      0.52995924E+03     138.863346    199.80
  128  105        11   -3     10   -2          0.9075E-02      0.12955729E+04     149.290497    214.80
  128  107        11   -3     10   -3          0.6077E-03      0.52765348E+03     149.290497    214.80
  128  126        11   -3     11   -2          0.2501E-02      0.76721652E+03     149.290497    214.80
  128  149        11   -3     12   -2          0.1311E-04      0.19066638E+03     149.290497    214.80
  129  107        11   -4     10   -3          0.5673E-02      0.10561444E+04     166.919055    240.16
  129  108        11   -4     10   -4          0.5697E-03      0.52764530E+03     166.919055    240.16
  129  128        11   -4     11   -3          0.7785E-03      0.52849095E+03     166.919055    240.16
  130  106        11    4     10    3          0.1747E-01      0.15365512E+04     172.507880    248.20
  130  109        11    4     10    4          0.5697E-03      0.52766686E+03     172.507880    248.20
  130  127        11    4     11    3          0.5412E-02      0.10086379E+04     172.507880    248.20
  130  150        11    4     12    3          0.1226E-03      0.43267512E+03     172.507880    248.20
  131  108        11   -5     10   -4          0.1158E-01      0.12816053E+04     192.068449    276.35
  131  110        11   -5     10   -5          0.5210E-03      0.52769912E+03     192.068449    276.35
  131  129        11   -5     11   -4          0.2110E-02      0.75395997E+03     192.068449    276.35
  131  152        11   -5     12   -4          0.6677E-05      0.17834766E+03     192.068449    276.35
  132  109        11    5     10    4          0.1409E-01      0.13679341E+04     200.536174    288.53
  132  111        11    5     10    5          0.5208E-03      0.52762768E+03     200.536174    288.53
  132  130        11    5     11    4          0.2920E-02      0.84026723E+03     200.536174    288.53
  132  153        11    5     12    4          0.2181E-04      0.26462652E+03     200.536174    288.53
  133  111        11    6     10    5          0.1786E-01      0.14201411E+04     230.307212    331.37
  133  112        11    6     10    6          0.4612E-03      0.52766017E+03     230.307212    331.37
  133  132        11    6     11    5          0.3187E-02      0.89251339E+03     230.307212    331.37
  133  155        11    6     12    5          0.2810E-04      0.31692476E+03     230.307212    331.37
  134  110        11   -6     10   -5          0.4179E-01      0.18852989E+04     237.353097    341.50
  134  113        11   -6     10   -6          0.4612E-03      0.52767234E+03     237.353097    341.50
  134  131        11   -6     11   -5          0.1122E-01      0.13575998E+04     237.353097    341.50
  134  154        11   -6     12   -5          0.4220E-03      0.78191578E+03     237.353097    341.50
  135  112        11    7     10    6          0.5711E-01      0.20115709E+04     279.805140    402.58
  135  114        11    7     10    7          0.3907E-03      0.52766671E+03     279.805140    402.58
  135  133        11    7     11    6          0.1292E-01      0.14839108E+04     279.805140    402.58
  135  156        11    7     12    6          0.4725E-03      0.90827858E+03     279.805140    402.58
  136  113        11   -7     10   -6          0.5804E-01      0.20223975E+04     287.211757    413.24
  136  115        11   -7     10   -7          0.3906E-03      0.52763435E+03     287.211757    413.24
  136  134        11   -7     11   -6          0.1321E-01      0.14947252E+04     287.211757    413.24
  136  157        11   -7     12   -6          0.4895E-03      0.91907630E+03     287.211757    413.24
  137  115        11   -8     10   -7          0.4639E-01      0.18085295E+04     329.937815    474.71
  137  116        11   -8     10   -8          0.3092E-03      0.52763266E+03     329.937815    474.71
  137  136        11   -8     11   -7          0.7019E-02      0.12808952E+04     329.937815    474.71
  137  159        11   -8     12   -7          0.1475E-03      0.70529866E+03     329.937815    474.71
  138  114        11    8     10    7          0.9764E-01      0.23177114E+04     339.514595    488.49
  138  117        11    8     10    8          0.3092E-03      0.52764149E+03     339.514595    488.49
  138  135        11    8     11    7          0.1916E-01      0.17900447E+04     339.514595    488.49
  138  158        11    8     12    7          0.7529E-03      0.12144028E+04     339.514595    488.49
  139  116        11   -9     10   -8          0.9622E-01      0.22268358E+04     386.617124    556.26
  139  118        11   -9     10   -9          0.2170E-03      0.52764983E+03     386.617124    556.26
  139  137        11   -9     11   -8          0.1294E-01      0.16992032E+04     386.617124    556.26
  139  160        11   -9     12   -8          0.3578E-03      0.11236101E+04     386.617124    556.26
  140  117        11    9     10    8          0.7745E-01      0.20714361E+04     391.010033    562.59
  140  119        11    9     10    9          0.2170E-03      0.52763291E+03     391.010033    562.59
  140  138        11    9     11    8          0.9702E-02      0.15437946E+04     391.010033    562.59
  140  161        11    9     12    8          0.2289E-03      0.96818859E+03     391.010033    562.59
  141  119        11   10     10    9          0.1233E+00      0.23395378E+04     451.448667    649.54
  141  120        11   10     10   10          0.1139E-03      0.52764389E+03     451.448667    649.54
  141  140        11   10     11    9          0.1098E-01      0.18119049E+04     451.448667    649.54
  141  163        11   10     12    9          0.2383E-03      0.12363132E+04     451.448667    649.54
  142  118        11  -10     10   -9          0.2058E+00      0.27748380E+04     461.575241    664.11
  142  121        11  -10     10  -10          0.1139E-03      0.52764911E+03     461.575241    664.11
  142  139        11  -10     11   -9          0.2095E-01      0.22471881E+04     461.575241    664.11
  142  162        11  -10     12   -9          0.5890E-03      0.16715700E+04     461.575241    664.11
  143  120        11   11     10   10          0.2689E+00      0.29388356E+04     531.877354    765.27
  143  141        11   11     11   10          0.1355E-01      0.24111917E+04     531.877354    765.27
  143  164        11   11     12   10          0.2600E-03      0.18355842E+04     531.877354    765.27
  144  121        11  -11     10  -10          0.2092E+00      0.27030317E+04     534.138184    768.52
  144  142        11  -11     11  -10          0.9954E-02      0.21753826E+04     534.138184    768.52
  144  165        11  -11     12  -10          0.1721E-03      0.15997656E+04     534.138184    768.52
  145  122        12   -1     11   -1          0.8452E-03      0.57464270E+03     128.576206    185.00
  145  123        12   -1     11    0          0.2253E-03      0.42113894E+03     128.576206    185.00
  145  126        12   -1     11   -2          0.6650E-05      0.14621762E+03     128.576206    185.00
  146  122        12    0     11   -1          0.9807E-03      0.72697899E+03     133.657597    192.31
  146  123        12    0     11    0          0.8459E-03      0.57347524E+03     133.657597    192.31
  146  124        12    0     11    1          0.1657E-03      0.40193140E+03     133.657597    192.31
  146  145        12    0     12   -1          0.2051E-04      0.15233629E+03     133.657597    192.31
  147  123        12    1     11    0          0.1259E-02      0.74733795E+03     139.457032    200.65
  147  124        12    1     11    1          0.8503E-03      0.57579411E+03     139.457032    200.65
  147  125        12    1     11    2          0.3496E-03      0.54775749E+03     139.457032    200.65
  147  146        12    1     12    0          0.3049E-04      0.17386271E+03     139.457032    200.65
  148  124        12    2     11    1          0.7771E-03      0.60442150E+03     140.411939    202.02
  148  125        12    2     11    2          0.8350E-03      0.57638488E+03     140.411939    202.02
  148  127        12    2     11    3          0.1741E-06      0.46425645E+02     140.411939    202.02
  148  147        12    2     12    1          0.1344E-06      0.28627393E+02     140.411939    202.02
  149  122        12   -2     11   -1          0.3572E-02      0.10049752E+04     142.930552    205.65
  149  126        12   -2     11   -2          0.8357E-03      0.57655014E+03     142.930552    205.65
  149  145        12   -2     12   -1          0.4564E-03      0.43033252E+03     142.930552    205.65
  150  125        12    3     11    2          0.5493E-02      0.11059220E+04     158.075394    227.44
  150  127        12    3     11    3          0.8034E-03      0.57596278E+03     158.075394    227.44
  150  148        12    3     12    2          0.8283E-03      0.52953713E+03     158.075394    227.44
  151  126        12   -3     11   -2          0.9833E-02      0.13428396E+04     168.491212    242.43
  151  128        12   -3     11   -3          0.8020E-03      0.57562305E+03     168.491212    242.43
  151  129        12   -3     11   -4          0.1458E-06      0.47132100E+02     168.491212    242.43
  151  149        12   -3     12   -2          0.2510E-02      0.76628943E+03     168.491212    242.43
  151  174        12   -3     13   -2          0.5563E-05      0.14149673E+03     168.491212    242.43
  152  128        12   -4     11   -3          0.6247E-02      0.11041033E+04     186.119412    267.79
  152  129        12   -4     11   -4          0.7603E-03      0.57561231E+03     186.119412    267.79
  152  151        12   -4     12   -3          0.7904E-03      0.52848021E+03     186.119412    267.79
  153  127        12    4     11    3          0.1845E-01      0.15842786E+04     191.709185    275.83
  153  130        12    4     11    4          0.7605E-03      0.57564071E+03     191.709185    275.83
  153  150        12    4     12    3          0.5490E-02      0.10083158E+04     191.709185    275.83
  153  175        12    4     13    3          0.9117E-04      0.38428880E+03     191.709185    275.83
  154  129        12   -5     11   -4          0.1236E-01      0.13296440E+04     211.271198    303.98
  154  131        12   -5     11   -5          0.7071E-03      0.57568403E+03     211.271198    303.98
  154  152        12   -5     12   -4          0.2168E-02      0.75403169E+03     211.271198    303.98
  154  177        12   -5     13   -4          0.2853E-05      0.13045255E+03     211.271198    303.98
  155  130        12    5     11    4          0.1493E-01      0.14158559E+04     219.735741    316.16
  155  132        12    5     11    5          0.7068E-03      0.57558863E+03     219.735741    316.16
  155  153        12    5     12    4          0.3000E-02      0.84021515E+03     219.735741    316.16
  155  178        12    5     13    4          0.1306E-04      0.21659951E+03     219.735741    316.16
  156  132        12    6     11    5          0.1873E-01      0.14681456E+04     249.508232    358.99
  156  133        12    6     11    6          0.6416E-03      0.57563219E+03     249.508232    358.99
  156  155        12    6     12    5          0.3332E-02      0.89255695E+03     249.508232    358.99
  156  180        12    6     13    5          0.1946E-04      0.26900871E+03     249.508232    358.99
  157  131        12   -6     11   -5          0.4276E-01      0.19332487E+04     256.554675    369.13
  157  134        12   -6     11   -6          0.6417E-03      0.57564891E+03     256.554675    369.13
  157  154        12   -6     12   -5          0.1172E-01      0.13575647E+04     256.554675    369.13
  157  179        12   -6     13   -5          0.3951E-03      0.73389256E+03     256.554675    369.13
  158  133        12    7     11    6          0.5778E-01      0.20595526E+04     299.006483    430.21
  158  135        12    7     11    7          0.5644E-03      0.57564185E+03     299.006483    430.21
  158  156        12    7     12    6          0.1385E-01      0.14839204E+04     299.006483    430.21
  158  181        12    7     13    6          0.4774E-03      0.86031545E+03     299.006483    430.21
  159  134        12   -7     11   -6          0.5869E-01      0.20703217E+04     306.411587    440.86
  159  136        12   -7     11   -7          0.5643E-03      0.57559653E+03     306.411587    440.86
  159  157        12   -7     12   -6          0.1416E-01      0.14946728E+04     306.411587    440.86
  159  182        12   -7     13   -6          0.4955E-03      0.87104570E+03     306.411587    440.86
  160  136        12   -8     11   -7          0.4702E-01      0.18564883E+04     349.137531    502.34
  160  137        12   -8     11   -8          0.4752E-03      0.57559307E+03     349.137531    502.34
  160  159        12   -8     12   -7          0.7815E-02      0.12808917E+04     349.137531    502.34
  160  184        12   -8     13   -7          0.1521E-03      0.65733422E+03     349.137531    502.34
  161  135        12    8     11    7          0.9728E-01      0.23656507E+04     358.714742    516.12
  161  138        12    8     11    8          0.4752E-03      0.57560603E+03     358.714742    516.12
  161  158        12    8     12    7          0.2133E-01      0.17900088E+04     358.714742    516.12
  161  183        12    8     13    7          0.8498E-03      0.11663904E+04     358.714742    516.12
  162  137        12   -9     11   -8          0.9561E-01      0.22748213E+04     405.817676    583.89
  162  139        12   -9     11   -9          0.3742E-03      0.57561812E+03     405.817676    583.89
  162  160        12   -9     12   -8          0.1533E-01      0.16992282E+04     405.817676    583.89
  162  185        12   -9     13   -8          0.4443E-03      0.10756764E+04     405.817676    583.89
  163  138        12    9     11    8          0.7732E-01      0.21193864E+04     410.209705    590.21
  163  140        12    9     11    9          0.3742E-03      0.57559176E+03     410.209705    590.21
  163  161        12    9     12    8          0.1149E-01      0.15437803E+04     410.209705    590.21
  163  186        12    9     13    8          0.2782E-03      0.92021052E+03     410.209705    590.21
  164  140        12   10     11    9          0.1216E+00      0.23875124E+04     470.648865    677.17
  164  141        12   10     11   10          0.2614E-03      0.57560753E+03     470.648865    677.17
  164  163        12   10     12    9          0.1460E-01      0.18119207E+04     470.648865    677.17
  164  188        12   10     13    9          0.3595E-03      0.11883721E+04     470.648865    677.17
  165  139        12  -10     11   -9          0.2010E+00      0.28228051E+04     480.775755    691.74
  165  142        12  -10     11  -10          0.2614E-03      0.57561699E+03     480.775755    691.74
  165  162        12  -10     12   -9          0.2785E-01      0.22471870E+04     480.775755    691.74
  165  187        12  -10     13   -9          0.9168E-03      0.16236005E+04     480.775755    691.74
  166  141        12   11     11   10          0.2607E+00      0.29868093E+04     551.077887    792.89
  166  143        12   11     11   11          0.1366E-03      0.57561759E+03     551.077887    792.89
  166  164        12   11     12   10          0.2398E-01      0.24112018E+04     551.077887    792.89
  166  189        12   11     13   10          0.6118E-03      0.17876316E+04     551.077887    792.89
  167  142        12  -11     11  -10          0.2037E+00      0.27509870E+04     553.338277    796.14
  167  144        12  -11     11  -11          0.1366E-03      0.57560436E+03     553.338277    796.14
  167  165        12  -11     12  -10          0.1761E-01      0.21753700E+04     553.338277    796.14
  167  190        12  -11     13  -10          0.4002E-03      0.15517852E+04     553.338277    796.14
  168  144        12  -12     11  -11          0.2060E+00      0.26821270E+04     623.604299    897.24
  168  167        12  -12     12  -11          0.8343E-02      0.21065226E+04     623.604299    897.24
  168  192        12  -12     13  -11          0.1164E-03      0.14829599E+04     623.604299    897.24
  169  143        12   12     11   11          0.3123E+00      0.30814632E+04     634.663886    913.15
  169  166        12   12     12   11          0.1404E-01      0.25058456E+04     634.663886    913.15
  169  191        12   12     13   11          0.2381E-03      0.18822599E+04     634.663886    913.15
  170  145        13   -1     12   -1          0.1078E-02      0.62235268E+03     149.335654    214.86
  170  146        13   -1     12    0          0.3123E-03      0.47001639E+03     149.335654    214.86
  170  149        13   -1     12   -2          0.1545E-04      0.19202016E+03     149.335654    214.86
  171  145        13    0     12   -1          0.1192E-02      0.77324783E+03     154.368974    222.11
  171  146        13    0     12    0          0.1077E-02      0.62091154E+03     154.368974    222.11
  171  147        13    0     12    1          0.2304E-03      0.44704883E+03     154.368974    222.11
  171  170        13    0     13   -1          0.1993E-04      0.15089515E+03     154.368974    222.11
  172  146        13    1     12    0          0.1527E-02      0.79767130E+03     160.265043    230.59
  172  147        13    1     12    1          0.1086E-02      0.62380858E+03     160.265043    230.59
  172  148        13    1     12    2          0.4600E-03      0.59518119E+03     160.265043    230.59
  172  171        13    1     13    0          0.3204E-04      0.17675976E+03     160.265043    230.59
  173  147        13    2     12    1          0.9670E-03      0.65312029E+03     161.242776    232.00
  173  148        13    2     12    2          0.1070E-02      0.62449289E+03     161.242776    232.00
  173  150        13    2     12    3          0.1557E-05      0.94955764E+02     161.242776    232.00
  173  172        13    2     13    1          0.1445E-06      0.29311702E+02     161.242776    232.00
  174  145        13   -2     12   -1          0.4077E-02      0.10551252E+04     163.771390    235.63
  174  149        13   -2     12   -2          0.1071E-02      0.62479270E+03     163.771390    235.63
  174  170        13   -2     13   -1          0.4651E-03      0.43277254E+03     163.771390    235.63
  175  148        13    3     12    2          0.6089E-02      0.11535642E+04     178.890692    257.39
  175  150        13    3     12    3          0.1035E-02      0.62402703E+03     178.890692    257.39
  175  173        13    3     13    2          0.8308E-03      0.52907127E+03     178.890692    257.39
  176  149        13   -3     12   -2          0.1065E-01      0.13898824E+04     189.292030    272.35
  176  151        13   -3     12   -3          0.1033E-02      0.62359292E+03     189.292030    272.35
  176  152        13   -3     12   -4          0.1280E-05      0.95112714E+02     189.292030    272.35
  176  174        13   -3     13   -2          0.2512E-02      0.76508966E+03     189.292030    272.35
  176  201        13   -3     14   -2          0.1577E-05      0.91998814E+02     189.292030    272.35
  177  151        13   -4     12   -3          0.6874E-02      0.11520594E+04     206.919770    297.72
  177  152        13   -4     12   -4          0.9876E-03      0.62357914E+03     206.919770    297.72
  177  176        13   -4     13   -3          0.7998E-03      0.52846643E+03     206.919770    297.72
  178  150        13    4     12    3          0.1954E-01      0.16319315E+04     212.510761    305.76
  178  153        13    4     12    4          0.9878E-03      0.62361564E+03     212.510761    305.76
  178  175        13    4     13    3          0.5548E-02      0.10079044E+04     212.510761    305.76
  178  202        13    4     14    3          0.6392E-04      0.33579719E+03     212.510761    305.76
  179  152        13   -5     12   -4          0.1323E-01      0.13777038E+04     232.074658    333.91
  179  154        13   -5     12   -5          0.9299E-03      0.62367213E+03     232.074658    333.91
  179  177        13   -5     13   -4          0.2215E-02      0.75412468E+03     232.074658    333.91
  179  204        13   -5     14   -4          0.7778E-06      0.82578890E+02     232.074658    333.91
  180  153        13    5     12    4          0.1586E-01      0.14637634E+04     240.535069    346.08
  180  155        13    5     12    5          0.9294E-03      0.62354824E+03     240.535069    346.08
  180  178        13    5     13    4          0.3062E-02      0.84014774E+03     240.535069    346.08
  180  205        13    5     14    4          0.6615E-05      0.16855600E+03     240.535069    346.08
  181  155        13    6     12    5          0.1970E-01      0.15161619E+04     270.309453    388.92
  181  156        13    6     12    6          0.8586E-03      0.62360498E+03     270.309453    388.92
  181  180        13    6     13    5          0.3446E-02      0.89261369E+03     270.309453    388.92
  181  207        13    6     14    5          0.1194E-04      0.22110731E+03     270.309453    388.92
  182  154        13   -6     12   -5          0.4396E-01      0.19811918E+04     277.356634    399.06
  182  157        13   -6     12   -6          0.8587E-03      0.62362713E+03     277.356634    399.06
  182  179        13   -6     13   -5          0.1212E-01      0.13575197E+04     277.356634    399.06
  182  206        13   -6     14   -5          0.3565E-03      0.68585599E+03     277.356634    399.06
  183  156        13    7     12    6          0.5879E-01      0.21075388E+04     319.808151    460.14
  183  158        13    7     12    7          0.7748E-03      0.62361840E+03     319.808151    460.14
  183  181        13    7     13    6          0.1458E-01      0.14839339E+04     319.808151    460.14
  183  208        13    7     14    6          0.4607E-03      0.81235526E+03     319.808151    460.14
  184  157        13   -7     12   -6          0.5969E-01      0.21182303E+04     327.211224    470.79
  184  159        13   -7     12   -7          0.7745E-03      0.62355751E+03     327.211224    470.79
  184  182        13   -7     13   -6          0.1490E-01      0.14946032E+04     327.211224    470.79
  184  209        13   -7     14   -6          0.4791E-03      0.82299607E+03     327.211224    470.79
  185  159        13   -8     12   -7          0.4795E-01      0.19044436E+04     369.936979    532.27
  185  160        13   -8     12   -8          0.6777E-03      0.62355187E+03     369.936979    532.27
  185  184        13   -8     13   -7          0.8440E-02      0.12808861E+04     369.936979    532.27
  185  211        13   -8     14   -7          0.1459E-03      0.60936889E+03     369.936979    532.27
  186  158        13    8     12    7          0.9760E-01      0.24135787E+04     379.514790    546.05
  186  161        13    8     12    8          0.6777E-03      0.62356982E+03     379.514790    546.05
  186  183        13    8     13    7          0.2303E-01      0.17899603E+04     379.514790    546.05
  186  210        13    8     14    7          0.9016E-03      0.11183638E+04     379.514790    546.05
  187  160        13   -9     12   -8          0.9570E-01      0.23228147E+04     426.618278    613.82
  187  162        13   -9     12   -9          0.5681E-03      0.62358646E+03     426.618278    613.82
  187  185        13   -9     13   -8          0.1720E-01      0.16992628E+04     426.618278    613.82
  187  212        13   -9     14   -8          0.4998E-03      0.10277539E+04     426.618278    613.82
  188  161        13    9     12    8          0.7774E-01      0.21673289E+04     431.009044    620.14
  188  163        13    9     12    9          0.5680E-03      0.62354859E+03     431.009044    620.14
  188  186        13    9     13    8          0.1290E-01      0.15437591E+04     431.009044    620.14
  188  213        13    9     14    8          0.3055E-03      0.87222632E+03     431.009044    620.14
  189  163        13   10     12    9          0.1208E+00      0.24354908E+04     491.448922    707.10
  189  164        13   10     12   10          0.4454E-03      0.62357013E+03     491.448922    707.10
  189  188        13   10     13    9          0.1745E-01      0.18119422E+04     491.448922    707.10
  189  215        13   10     14    9          0.4553E-03      0.11404390E+04     491.448922    707.10
  190  162        13  -10     12   -9          0.1979E+00      0.28707718E+04     501.576302    721.67
  190  165        13  -10     12  -10          0.4454E-03      0.62358481E+03     501.576302    721.67
  190  187        13  -10     13   -9          0.3328E-01      0.22471854E+04     501.576302    721.67
  190  214        13  -10     14   -9          0.1201E-02      0.15756305E+04     501.576302    721.67
  191  164        13   11     12   10          0.2550E+00      0.30347874E+04     571.878463    822.82
  191  166        13   11     12   11          0.3099E-03      0.62358565E+03     571.878463    822.82
  191  189        13   11     13   10          0.3217E-01      0.24112173E+04     571.878463    822.82
  191  216        13   11     14   10          0.9697E-03      0.17396857E+04     571.878463    822.82
  192  165        13  -11     12  -10          0.2000E+00      0.27989328E+04     574.138089    826.07
  192  167        13  -11     12  -11          0.3098E-03      0.62356277E+03     574.138089    826.07
  192  190        13  -11     13  -10          0.2363E-01      0.21753479E+04     574.138089    826.07
  192  217        13  -11     14  -10          0.6263E-03      0.15037954E+04     574.138089    826.07
  193  167        13  -12     12  -11          0.2018E+00      0.27300811E+04     644.403967    927.17
  193  168        13  -12     12  -12          0.1614E-03      0.62355846E+03     644.403967    927.17
  193  192        13  -12     13  -11          0.1490E-01      0.21065183E+04     644.403967    927.17
  193  219        13  -12     14  -11          0.2721E-03      0.14349992E+04     644.403967    927.17
  194  166        13   12     12   11          0.3039E+00      0.31294183E+04     655.464029    943.08
  194  169        13   12     12   12          0.1614E-03      0.62357270E+03     655.464029    943.08
  194  191        13   12     13   11          0.2508E-01      0.25058326E+04     655.464029    943.08
  194  218        13   12     14   11          0.5683E-03      0.18342789E+04     655.464029    943.08
  195  169        13   13     12   12          0.2734E+00      0.29415777E+04     732.784343   1054.33
  195  194        13   13     13   12          0.1032E-01      0.23180050E+04     732.784343   1054.33
  195  221        13   13     14   12          0.1370E-03      0.16464734E+04     732.784343   1054.33
  196  168        13  -13     12  -12          0.3790E+00      0.32797349E+04     733.004462   1054.65
  196  193        13  -13     13  -12          0.1553E-01      0.26561764E+04     733.004462   1054.65
  196  220        13  -13     14  -12          0.2400E-03      0.19846696E+04     733.004462   1054.65
  197  170        14   -1     13   -1          0.1350E-02      0.67002271E+03     171.685203    247.02
  197  171        14   -1     13    0          0.4198E-03      0.51912756E+03     171.685203    247.02
  197  174        14   -1     13   -2          0.2977E-04      0.23725017E+03     171.685203    247.02
  198  170        14    0     13   -1          0.1430E-02      0.81918226E+03     176.660629    254.18
  198  171        14    0     13    0          0.1346E-02      0.66828711E+03     176.660629    254.18
  198  172        14    0     13    1          0.3088E-03      0.49152735E+03     176.660629    254.18
  198  197        14    0     14   -1          0.1925E-04      0.14915955E+03     176.660629    254.18
  199  171        14    1     13    0          0.1834E-02      0.84858797E+03     182.674817    262.83
  199  172        14    1     13    1          0.1361E-02      0.67182821E+03     182.674817    262.83
  199  173        14    1     13    2          0.5913E-03      0.64251651E+03     182.674817    262.83
  199  198        14    1     14    0          0.3400E-04      0.18030086E+03     182.674817    262.83
  200  172        14    2     13    1          0.1186E-02      0.70189849E+03     183.677854    264.28
  200  173        14    2     13    2          0.1344E-02      0.67258679E+03     183.677854    264.28
  200  175        14    2     13    3          0.5575E-05      0.14351551E+03     183.677854    264.28
  200  199        14    2     14    1          0.1562E-06      0.30070273E+02     183.677854    264.28
  201  170        14   -2     13   -1          0.4638E-02      0.11058634E+04     186.223280    267.94
  201  174        14   -2     13   -2          0.1347E-02      0.67309084E+03     186.223280    267.94
  201  197        14   -2     14   -1          0.4757E-03      0.43584067E+03     186.223280    267.94
  202  173        14    3     13    2          0.6736E-02      0.12011785E+04     201.309774    289.64
  202  175        14    3     13    3          0.1307E-02      0.67210725E+03     201.309774    289.64
  202  200        14    3     14    2          0.8323E-03      0.52859174E+03     201.309774    289.64
  203  174        14   -3     13   -2          0.1152E-01      0.14366528E+04     211.692962    304.58
  203  176        14   -3     13   -3          0.1303E-02      0.67156315E+03     211.692962    304.58
  203  177        14   -3     13   -4          0.4606E-05      0.14309672E+03     211.692962    304.58
  203  201        14   -3     14   -2          0.2509E-02      0.76356196E+03     211.692962    304.58
  203  230        14   -3     15   -2          0.1554E-06      0.42110818E+02     211.692962    304.58
  204  176        14   -4     13   -3          0.7556E-02      0.12000122E+04     229.320123    329.95
  204  177        14   -4     13   -4          0.1255E-02      0.67154579E+03     229.320123    329.95
  204  203        14   -4     14   -3          0.8072E-03      0.52844907E+03     229.320123    329.95
  205  175        14    4     13    3          0.2071E-01      0.16794962E+04     234.912647    337.99
  205  178        14    4     13    4          0.1255E-02      0.67159174E+03     234.912647    337.99
  205  202        14    4     14    3          0.5592E-02      0.10073889E+04     234.912647    337.99
  205  231        14    4     15    3          0.4170E-04      0.28718441E+03     234.912647    337.99
  206  177        14   -5     13   -4          0.1416E-01      0.14257884E+04     254.478945    366.14
  206  179        14   -5     13   -5          0.1192E-02      0.67166370E+03     254.478945    366.14
  206  204        14   -5     14   -4          0.2252E-02      0.75424259E+03     254.478945    366.14
  206  233        14   -5     15   -4          0.6145E-07      0.34730326E+02     254.478945    366.14
  207  178        14    5     13    4          0.1688E-01      0.15116541E+04     262.934107    378.31
  207  180        14    5     13    5          0.1192E-02      0.67150638E+03     262.934107    378.31
  207  205        14    5     14    4          0.3112E-02      0.84006238E+03     262.934107    378.31
  207  234        14    5     15    4          0.2566E-05      0.12049329E+03     262.934107    378.31
  208  180        14    6     13    5          0.2078E-01      0.15641923E+04     292.710900    421.15
  208  181        14    6     13    6          0.1115E-02      0.67157859E+03     292.710900    421.15
  208  207        14    6     14    5          0.3537E-02      0.89268590E+03     292.710900    421.15
  208  236        14    6     15    5          0.6239E-05      0.17322294E+03     292.710900    421.15
  209  179        14   -6     13   -5          0.4536E-01      0.20291268E+04     299.759034    431.29
  209  182        14   -6     13   -6          0.1116E-02      0.67160715E+03     299.759034    431.29
  209  206        14   -6     14   -5          0.1244E-01      0.13574631E+04     299.759034    431.29
  209  235        14   -6     15   -5          0.3114E-03      0.63780414E+03     299.759034    431.29
  210  181        14    7     13    6          0.6011E-01      0.21555303E+04     342.210195    492.37
  210  183        14    7     13    7          0.1025E-02      0.67159649E+03     342.210195    492.37
  210  208        14    7     14    6          0.1517E-01      0.14839518E+04     342.210195    492.37
  210  237        14    7     15    6          0.4289E-03      0.76439865E+03     342.210195    492.37
  211  182        14   -7     13   -6          0.6100E-01      0.21661204E+04     349.610624    503.02
  211  184        14   -7     13   -7          0.1024E-02      0.67151720E+03     349.610624    503.02
  211  209        14   -7     14   -6          0.1549E-01      0.14945133E+04     349.610624    503.02
  211  238        14   -7     15   -6          0.4468E-03      0.77492418E+03     349.610624    503.02
  212  184        14   -8     13   -7          0.4913E-01      0.19523950E+04     392.336103    564.49
  212  185        14   -8     13   -8          0.9199E-03      0.67150892E+03     392.336103    564.49
  212  211        14   -8     14   -7          0.8940E-02      0.12808778E+04     392.336103    564.49
  212  240        14   -8     15   -7          0.1321E-03      0.56140231E+03     392.336103    564.49
  213  183        14    8     13    7          0.9845E-01      0.24614931E+04     401.914710    578.27
  213  186        14    8     13    8          0.9200E-03      0.67153280E+03     401.914710    578.27
  213  210        14    8     14    7          0.2440E-01      0.17898966E+04     401.914710    578.27
  213  239        14    8     15    7          0.9157E-03      0.10703203E+04     401.914710    578.27
  214  185        14   -9     13   -8          0.9635E-01      0.23708176E+04     449.018933    646.05
  214  187        14   -9     13   -9          0.8016E-03      0.67155483E+03     449.018933    646.05
  214  212        14   -9     14   -8          0.1871E-01      0.16993087E+04     449.018933    646.05
  214  241        14   -9     15   -8          0.5269E-03      0.97984463E+03     449.018933    646.05
  215  186        14    9     13    8          0.7860E-01      0.22152623E+04     453.407977    652.36
  215  188        14    9     13    9          0.8014E-03      0.67150322E+03     453.407977    652.36
  215  213        14    9     14    8          0.1402E-01      0.15437295E+04     453.407977    652.36
  215  242        14    9     15    8          0.3136E-03      0.82423464E+03     453.407977    652.36
  216  188        14   10     13    9          0.1208E+00      0.24834738E+04     513.848803    739.33
  216  189        14   10     13   10          0.6691E-03      0.67153161E+03     513.848803    739.33
  216  215        14   10     14    9          0.1972E-01      0.18119706E+04     513.848803    739.33
  216  244        14   10     15    9          0.5217E-03      0.10925151E+04     513.848803    739.33
  217  187        14  -10     13   -9          0.1961E+00      0.29187379E+04     523.976882    753.90
  217  190        14  -10     13  -10          0.6691E-03      0.67155258E+03     523.976882    753.90
  217  214        14  -10     14   -9          0.3762E-01      0.22471831E+04     523.976882    753.90
  217  243        14  -10     15   -9          0.1426E-02      0.15276599E+04     523.976882    753.90
  218  189        14   11     13   10          0.2512E+00      0.30827710E+04     594.279079    855.05
  218  191        14   11     13   11          0.5228E-03      0.67155369E+03     594.279079    855.05
  218  216        14   11     14   10          0.3873E-01      0.24112394E+04     594.279079    855.05
  218  245        14   11     15   10          0.1291E-02      0.16917475E+04     594.279079    855.05
  219  190        14  -11     13  -10          0.1978E+00      0.28468670E+04     596.537552    858.30
  219  192        14  -11     13  -11          0.5227E-03      0.67151910E+03     596.537552    858.30
  219  217        14  -11     14  -10          0.2844E-01      0.21753145E+04     596.537552    858.30
  219  246        14  -11     15  -10          0.8229E-03      0.14557942E+04     596.537552    858.30
  220  192        14  -12     13  -11          0.1991E+00      0.27780251E+04     666.803018    959.40
  220  193        14  -12     13  -12          0.3624E-03      0.67150675E+03     666.803018    959.40
  220  219        14  -12     14  -11          0.2014E-01      0.21065060E+04     666.803018    959.40
  220  248        14  -12     15  -11          0.4270E-03      0.13870328E+04     666.803018    959.40
  221  191        14   12     13   11          0.2979E+00      0.31773642E+04     677.863910    975.31
  221  194        14   12     13   12          0.3624E-03      0.67153163E+03     677.863910    975.31
  221  218        14   12     14   11          0.3390E-01      0.25058105E+04     677.863910    975.31
  221  247        14   12     15   11          0.9122E-03      0.17862888E+04     677.863910    975.31
  222  194        14   13     13   12          0.2680E+00      0.29895184E+04     755.183616   1086.56
  222  195        14   13     13   13          0.1882E-03      0.67151341E+03     755.183616   1086.56
  222  221        14   13     14   12          0.1858E-01      0.23179868E+04     755.183616   1086.56
  222  250        14   13     15   12          0.3268E-03      0.15984981E+04     755.183616   1086.56
  223  193        14  -13     13  -12          0.3696E+00      0.33277170E+04     755.404641   1086.88
  223  196        14  -13     13  -13          0.1882E-03      0.67154057E+03     755.404641   1086.88
  223  220        14  -13     14  -12          0.2796E-01      0.26562102E+04     755.404641   1086.88
  223  249        14  -13     15  -12          0.5813E-03      0.19367591E+04     755.404641   1086.88
  224  195        14   14     13   13          0.4456E+00      0.34552041E+04     848.037530   1220.16
  224  222        14   14     14   13          0.1669E-01      0.27836907E+04     848.037530   1220.16
  224  251        14   14     15   13          0.2346E-03      0.20642374E+04     848.037530   1220.16
  225  196        14  -14     13  -13          0.5671E+00      0.37443476E+04     857.902435   1234.35
  225  223        14  -14     14  -13          0.2244E-01      0.30728070E+04     857.902435   1234.35
  225  252        14  -14     15  -13          0.3476E-03      0.23533079E+04     857.902435   1234.35
  226  197        15   -1     14   -1          0.1664E-02      0.71765107E+03     195.623462    281.46
  226  198        15   -1     14    0          0.5501E-03      0.56849152E+03     195.623462    281.46
  226  201        15   -1     14   -2          0.5082E-04      0.28181040E+03     195.623462    281.46
  227  197        15    0     14   -1          0.1694E-02      0.86476701E+03     200.530721    288.52
  227  198        15    0     14    0          0.1657E-02      0.71560746E+03     200.530721    288.52
  227  199        15    0     14    1          0.4019E-03      0.53530660E+03     200.530721    288.52
  227  226        15    0     15   -1          0.1847E-04      0.14711594E+03     200.530721    288.52
  228  198        15    1     14    0          0.2184E-02      0.90015290E+03     206.686494    297.38
  228  199        15    1     14    1          0.1679E-02      0.71985204E+03     206.686494    297.38
  228  200        15    1     14    2          0.7452E-03      0.68978177E+03     206.686494    297.38
  228  227        15    1     15    0          0.3646E-04      0.18454544E+03     206.686494    297.38
  229  199        15    2     14    1          0.1436E-02      0.75072330E+03     207.716248    298.86
  229  200        15    2     14    2          0.1662E-02      0.72065303E+03     207.716248    298.86
  229  202        15    2     14    3          0.1379E-04      0.19206129E+03     207.716248    298.86
  229  228        15    2     15    1          0.1693E-06      0.30871262E+02     207.716248    298.86
  230  197        15   -2     14   -1          0.5260E-02      0.11572918E+04     210.288297    302.56
  230  201        15   -2     14   -2          0.1668E-02      0.72145115E+03     210.288297    302.56
  230  226        15   -2     15   -1          0.4889E-03      0.43964074E+03     210.288297    302.56
  231  200        15    3     14    2          0.7435E-02      0.12487963E+04     225.333207    324.21
  231  202        15    3     14    3          0.1621E-02      0.72020452E+03     225.333207    324.21
  231  229        15    3     15    2          0.8333E-03      0.52814323E+03     225.333207    324.21
  232  201        15   -3     14   -2          0.1245E-01      0.14830957E+04     235.694022    339.12
  232  203        15   -3     14   -3          0.1617E-02      0.71953378E+03     235.694022    339.12
  232  204        15   -3     14   -4          0.1149E-04      0.19108472E+03     235.694022    339.12
  232  230        15   -3     15   -2          0.2499E-02      0.76164460E+03     235.694022    339.12
  233  203        15   -4     14   -3          0.8293E-02      0.12479613E+04     253.320466    364.48
  233  204        15   -4     14   -4          0.1564E-02      0.71951226E+03     253.320466    364.48
  233  232        15   -4     15   -3          0.8132E-03      0.52842755E+03     253.320466    364.48
  234  202        15    4     14    3          0.2198E-01      0.17269580E+04     258.914885    372.53
  234  205        15    4     14    4          0.1565E-02      0.71956909E+03     258.914885    372.53
  234  231        15    4     15    3          0.5624E-02      0.10067535E+04     258.914885    372.53
  235  204        15   -5     14   -4          0.1518E-01      0.14739016E+04     278.484181    400.68
  235  206        15   -5     14   -5          0.1498E-02      0.71965899E+03     278.484181    400.68
  235  233        15   -5     15   -4          0.2283E-02      0.75438932E+03     278.484181    400.68
  236  205        15    5     14    4          0.1798E-01      0.15595253E+04     286.932805    412.84
  236  207        15    5     14    5          0.1497E-02      0.71946296E+03     286.932805    412.84
  236  234        15    5     15    4          0.3151E-02      0.83995625E+03     286.932805    412.84
  237  207        15    6     14    5          0.2196E-01      0.16122390E+04     316.712604    455.69
  237  208        15    6     14    6          0.1415E-02      0.71955310E+03     316.712604    455.69
  237  236        15    6     15    5          0.3612E-02      0.89277604E+03     316.712604    455.69
  238  206        15   -6     14   -5          0.4695E-01      0.20770522E+04     323.761939    465.83
  238  209        15   -6     14   -6          0.1415E-02      0.71958909E+03     323.761939    465.83
  238  235        15   -6     15   -5          0.1270E-01      0.13573932E+04     323.761939    465.83
  239  208        15    7     14    6          0.6167E-01      0.22035280E+04     366.212671    526.91
  239  210        15    7     14    7          0.1318E-02      0.71957623E+03     366.212671    526.91
  239  237        15    7     15    6          0.1564E-01      0.14839749E+04     366.212671    526.91
  240  209        15   -7     14   -6          0.6255E-01      0.22139888E+04     373.609740    537.55
  240  211        15   -7     14   -7          0.1317E-02      0.71947550E+03     373.609740    537.55
  240  238        15   -7     15   -6          0.1597E-01      0.14943997E+04     373.609740    537.55
  241  211        15   -8     14   -7          0.5053E-01      0.20003419E+04     416.334838    599.02
  241  212        15   -8     14   -8          0.1205E-02      0.71946409E+03     416.334838    599.02
  241  240        15   -8     15   -7          0.9346E-02      0.12808664E+04     416.334838    599.02
  242  210        15    8     14    7          0.9975E-01      0.25093915E+04     425.914473    612.81
  242  213        15    8     14    8          0.1205E-02      0.71949489E+03     425.914473    612.81
  242  239        15    8     15    7          0.2550E-01      0.17898152E+04     425.914473    612.81
  243  212        15   -9     14   -8          0.9746E-01      0.24188320E+04     473.019641    680.58
  243  214        15   -9     14   -9          0.1078E-02      0.71952324E+03     473.019641    680.58
  243  241        15   -9     15   -8          0.1993E-01      0.16993679E+04     473.019641    680.58
  244  213        15    9     14    8          0.7983E-01      0.22631850E+04     477.406425    686.89
  244  215        15    9     14    9          0.1078E-02      0.71945548E+03     477.406425    686.89
  244  242        15    9     15    8          0.1494E-01      0.15436901E+04     477.406425    686.89
  245  215        15   10     14    9          0.1214E+00      0.25314625E+04     537.848465    773.86
  245  216        15   10     14   10          0.9355E-03      0.71949187E+03     537.848465    773.86
  245  244        15   10     15    9          0.2157E-01      0.18120070E+04     537.848465    773.86
  246  214        15  -10     14   -9          0.1955E+00      0.29667034E+04     547.977492    788.43
  246  217        15  -10     14  -10          0.9357E-03      0.71952028E+03     547.977492    788.43
  246  243        15  -10     15   -9          0.4115E-01      0.22471801E+04     547.977492    788.43
  247  216        15   11     14   10          0.2488E+00      0.31307611E+04     618.279737    889.58
  247  218        15   11     14   11          0.7785E-03      0.71952171E+03     618.279737    889.58
  247  245        15   11     15   10          0.4405E-01      0.24112692E+04     618.279737    889.58
  248  217        15  -11     14  -10          0.1967E+00      0.28947877E+04     620.536591    892.83
  248  219        15  -11     14  -11          0.7783E-03      0.71947321E+03     620.536591    892.83
  248  246        15  -11     15  -10          0.3234E-01      0.21752674E+04     620.536591    892.83
  249  219        15  -12     14  -11          0.1977E+00      0.28259571E+04     690.801320    993.92
  249  220        15  -12     14  -12          0.6061E-03      0.71945110E+03     690.801320    993.92
  249  248        15  -12     15  -11          0.2440E-01      0.21064839E+04     690.801320    993.92
  250  218        15   12     14   11          0.2938E+00      0.32252993E+04     701.863468   1009.84
  250  221        15   12     14   12          0.6062E-03      0.71948873E+03     701.863468   1009.84
  250  247        15   12     15   11          0.4107E-01      0.25057776E+04     701.863468   1009.84
  251  221        15   13     14   12          0.2643E+00      0.30374401E+04     779.181991   1121.09
  251  222        15   13     14   13          0.4191E-03      0.71945328E+03     779.181991   1121.09
  251  250        15   13     15   12          0.2529E-01      0.23179513E+04     779.181991   1121.09
  252  220        15  -13     14  -12          0.3628E+00      0.33757093E+04     779.404546   1121.41
  252  223        15  -13     14  -13          0.4191E-03      0.71949913E+03     779.404546   1121.41
  252  249        15  -13     15  -12          0.3805E-01      0.26562582E+04     779.404546   1121.41
  253  222        15   14     14   13          0.4355E+00      0.35031462E+04     872.035979   1254.69
  253  224        15   14     14   14          0.2170E-03      0.71945551E+03     872.035979   1254.69
  253  251        15   14     15   13          0.3024E-01      0.27836929E+04     872.035979   1254.69
  254  223        15  -14     14  -13          0.5525E+00      0.37923192E+04     881.902775   1268.88
  254  225        15  -14     14  -14          0.2171E-03      0.71951219E+03     881.902775   1268.88
  254  252        15  -14     15  -13          0.4068E-01      0.30728200E+04     881.902775   1268.88
  255  225        15  -15     14  -14          0.4982E+00      0.35803793E+04     977.331015   1406.18
  255  254        15  -15     15  -14          0.1698E-01      0.28608671E+04     977.331015   1406.18
  256  224        15   15     14   14          0.7455E+00      0.40953497E+04     984.643672   1416.71
  256  253        15   15     15   14          0.2790E-01      0.33758942E+04     984.643672   1416.71
