158
   1    2   1   3.458E-03    556.93607     61.0
   2    3   1   5.593E-02   1669.90496    114.4
   3    4   2   2.564E-01   2773.97691    194.1
   4    4   3   3.058E-02   1661.00802    194.1
   5    5   3   5.048E-02   1716.76979    196.8
   6    6   4   2.634E-03   1153.12682    249.4
   7    6   5   1.648E-02   1097.36505    249.4
   8    7   3   3.318E-01   3977.04671    305.3
   9    7   6   2.288E-02   1162.91187    305.3
  10    8   5   2.463E-01   2640.47434    323.5
  11    8   7   2.992E-05    380.19742    323.5
  12    9   4   1.243E+00   4512.38479    410.7
  13    9   5   8.505E-03   4456.62303    410.7
  14    9   7   6.619E-02   2196.34611    410.7
  15   10   6   4.838E-01   3807.25916    432.2
  16   10   8   8.084E-02   2264.14988    432.2
  17   10   9   5.263E-05    448.00119    432.2
  18   12   5   9.112E-02   7367.55754    550.4
  19   12   7   1.374E+00   5107.28062    550.4
  20   16   6   1.668E-02   9435.72575    702.3
  21   16   9   3.386E+00   6076.46777    702.3
  22   12  10   1.229E-01   2462.93332    550.4
  23   16   8   2.688E-03   7892.61646    702.3
  24   16  12   1.528E-01   3165.53326    702.3
  25   12  11   2.499E-04   1713.88317    550.4
  26   16  13   1.654E-04   2657.66573    702.3
  27   11   8   3.902E-01   3013.20003    468.1
  28   13  10   1.566E-01   2970.80085    574.7
  29   14   8   4.061E-01   6645.56891    642.4
  30   14  12   1.118E-02   1918.48571    642.4
  31   17  10   1.634E+00   6249.16777    732.1
  32   17  16   1.039E-04    620.70118    732.1
  33   20   8   2.676E-02  11557.08425    878.2
  34   20  12   3.769E+00   6830.00105    878.2
  35   23  10   1.360E-02  13242.25437   1067.7
  36   23  16   7.063E+00   7613.78779   1067.7
  37   13  11   7.579E-02   2221.75071    574.7
  38   14  13   4.314E-02   1410.61818    642.4
  39   17  11   3.821E-02   5500.11762    732.1
  40   17  14   8.174E-02   1867.74874    732.1
  41   20  13   2.918E-02   6322.13351    878.2
  42   20  17   2.120E-01   3043.76660    878.2
  43   23  11   3.068E-04  12493.20423   1067.7
  44   23  14   4.580E-03   8860.83534   1067.7
  45   23  20   2.469E-01   3949.32001   1067.7
  46   20  15   2.736E-04   4889.28021    878.2
  47   23  18   1.468E-04   5671.02165   1067.7
  48   15  11   7.491E-01   3654.60401    643.5
  49   15  14   1.859E-09     22.23513    643.5
  50   18  13   9.390E-01   4600.43187    795.5
  51   18  17   2.217E-03   1322.06496    795.5
  52   21  11   3.488E-01   9702.20830    933.7
  53   21  14   1.687E+00   6069.83942    933.7
  54   21  20   1.333E-03   1158.32408    933.7
  55   25  13   2.682E-01  10710.60444   1088.8
  56   25  17   3.986E+00   7432.23753   1088.8
  57   25  23   2.575E-05    439.15092   1088.8
  58   29  11   3.150E-03  16885.83760   1278.5
  59   29  14   6.367E-02  13253.46871   1278.5
  60   29  20   7.628E+00   8341.95338   1278.5
  61   33  13   4.671E-04  19354.61651   1503.6
  62   33  17   1.626E-02  16076.24960   1503.6
  63   33  23   1.246E+01   9083.16299   1503.6
  64   18  15   1.740E-01   3167.57857    795.5
  65   21  18   2.181E-01   2880.02572    933.7
  66   25  15   1.459E-02   9277.75114   1088.8
  67   25  21   2.991E-01   3230.14685   1088.8
  68   29  18   1.394E-02  10063.65502   1278.5
  69   29  25   3.969E-01   3953.48245   1278.5
  70   33  15   3.077E-05  17921.76320   1503.6
  71   33  21   3.948E-03  11874.15892   1503.6
  72   33  29   3.533E-01   4690.52962   1503.6
  73   21  19   3.660E-04   1880.75263    933.7
  74   25  22   2.890E-04   1574.23227   1088.8
  75   29  19   6.950E-05   9064.38192   1278.5
  76   29  16   3.408E-04  12006.42116   1278.5
  77   33  22   2.318E-05  10218.24434   1503.6
  78   33  27   1.184E-04   6076.83466   1503.6
  79   19  15   1.157E+00   4166.85166    843.5
  80   22  18   9.508E-01   4535.94030   1013.2
  81   26  15   4.843E-01  10047.76955   1125.7
  82   26  21   2.579E-01   4000.16526   1125.7
  83   27  18   1.709E+00   8677.34998   1212.0
  84   27  25   2.475E-02   2567.17741   1212.0
  85   31  15   6.835E-02  14509.49970   1339.9
  86   31  21   4.478E+00   8461.89541   1339.9
  87   31  29   1.414E-03   1278.26611   1339.9
  88   34  18   1.112E-01  15197.20301   1524.9
  89   34  25   8.274E+00   9087.03043   1524.9
  90   34  33   1.971E-05    443.01837   1524.9
  91   39  15   3.352E-04  23052.30886   1749.9
  92   39  21   5.934E-02  17004.70457   1749.9
  93   39  29   1.331E+01   9821.07528   1749.9
  94   22  19   2.160E-01   3536.66720   1013.2
  95   26  22   1.360E-01   2344.25069   1125.7
  96   27  19   3.861E-02   7678.07688   1212.0
  97   27  26   9.234E-02   1797.15899   1212.0
  98   31  22   1.173E-01   6805.98083   1339.9
  99   31  27   2.153E-01   2664.57115   1339.9
 100   34  19   2.516E-03  14197.92991   1524.9
 101   34  26   5.737E-02   8317.01202   1524.9
 102   34  31   4.648E-01   3855.28187   1524.9
 103   39  22   1.634E-03  15348.79000   1749.9
 104   39  27   1.546E-02  11207.38031   1749.9
 105   39  34   5.828E-01   4687.52729   1749.9
 106   26  24   9.343E-05   1146.62150   1125.7
 107   31  24   5.015E-04   5608.35165   1339.9
 108   34  28   7.476E-04   5223.44182   1524.9
 109   39  24   9.847E-06  14151.16081   1749.9
 110   39  32   4.440E-04   6297.99779   1749.9
 111   24  19   1.751E+00   4734.29639   1070.7
 112   28  22   1.897E+00   5437.82089   1274.2
 113   28  27   9.542E-04   1296.41120   1274.2
 114   32  19   5.893E-01  12587.45941   1447.6
 115   32  26   2.315E+00   6706.54152   1447.6
 116   32  31   1.389E-02   2244.81137   1447.6
 117   37  22   1.050E+00  12546.15088   1615.4
 118   37  27   4.212E+00   8404.74120   1615.4
 119   37  34   6.748E-03   1884.88817   1615.4
 120   40  19   1.233E-02  20053.81587   1805.9
 121   40  26   4.885E-01  14172.89798   1805.9
 122   40  31   8.630E+00   9711.16784   1805.9
 123   40  39   8.338E-04   1168.35868   1805.9
 124   28  24   3.278E-01   4240.19170   1274.2
 125   32  28   3.834E-01   3612.97132   1447.6
 126   37  24   2.469E-02  11348.52169   1615.4
 127   37  32   4.296E-01   3495.35867   1615.4
 128   40  28   5.024E-02  11079.32778   1805.9
 129   40  37   5.758E-01   3970.99779   1805.9
 130   32  30   6.314E-04   2576.64450   1447.6
 131   37  35   2.422E-04   1307.96347   1615.4
 132   40  30   1.919E-04  10043.00096   1805.9
 133   40  38   2.999E-04   1596.25269   1805.9
 134   30  24   2.480E+00   5276.51852   1323.9
 135   35  28   2.470E+00   5800.36652   1552.6
 136   38  24   6.583E-01  13723.26679   1729.3
 137   38  32   1.513E+00   5870.10377   1729.3
 138   35  30   4.183E-01   4764.03970   1552.6
 139   38  35   3.838E-01   3682.70857   1729.3
 140   38  36   5.496E-04   2619.33432   1729.3
 141   36  30   3.402E+00   5827.41395   1603.6
 142   41  30   2.883E-02  10874.99596   1845.9
 143   44  41   1.896E-01   2317.88241   1957.1
 144   42  41   5.048E-06    321.22569   1861.3
 145   45  25   1.809E-02  19129.44197   2006.9
 146   45  26   1.120E-04  18359.42356   2006.9
 147   45  37   1.156E-04   8157.52337   2006.9
 148   44  24   5.863E-02  18469.39689   1957.1
 149   41  38   1.881E-01   2428.24769   1845.9
 150   42  36   5.428E-01   5368.80769   1861.3
 151   43  36   4.514E+00   6372.39184   1909.4
 152   45  33   1.970E+01  10485.42991   2006.9
 153   45  31   3.641E-03  13897.69342   2006.9
 154   41  28   1.708E+00  11911.32278   1845.9
 155   44  32   4.479E+00  10616.23387   1957.1
 156   44  35   1.455E-01   8428.83867   1957.1
 157   44  36   4.429E-04   7365.46442   1957.1
 158   42  35   3.581E+00   6432.18194   1861.3
