   1    0   0      0.0000000
   2    1   1     11.6852747
   3    1   0      1.5999994
   4    1  -1     11.7127864
   5    2  -2     31.0524805
   6    2  -1     14.9402943
   7    2   0      4.7999214
   8    2   1     14.8577593
   9    2   2     31.0525550
  10    3  -3     44.3313224
  11    3  -2     35.8524495
  12    3  -1     19.7814656
  13    3   0      9.5996128
  14    3   1     19.6163961
  15    3   2     35.8528221
  16    3   3     44.3313218
  17    4   4     71.9934064
  18    4  -3     50.7315750
  19    4  -2     42.2522316
  20    4  -1     26.2361908
  21    4   0     15.9988436
  22    4   1     25.9610782
  23    4   2     42.2533492
  24    4   3     50.7315708
  25    4  -4     71.9934064
  26    5   5    120.1267138
  27    5   4     79.9938519
  28    5  -3     58.7319820
  29    5   2     50.2542828
  30    5  -1     34.3043223
  31    5   0     23.9973072
  32    5   1     33.8916639
  33    5  -2     50.2516752
  34    5   3     58.7319653
  35    5  -4     79.9938519
  36    5  -5    120.1267138
  37    6   6    168.7764192
  38    6   5    129.7270414
  39    6  -4     89.5946083
  40    6  -3     68.3326077
  41    6  -2     59.8505911
  42    6   1     43.4079787
  43    6   0     33.5946206
  44    6  -1     43.9856737
  45    6   2     59.8558057
  46    6   3     68.3325577
  47    6   4     89.5946085
  48    6  -5    129.7270414
  49    6  -6    168.7764192
  50    7   7    215.5001222
  51    7   6    179.9766219
  52    7   5    140.9274893
  53    7   4    100.7957972
  54    7   3     79.5334074
  55    7  -2     71.0487521
  56    7   1     54.5098161
  57    7   0     44.7903247
  58    7  -1     55.2800177
  59    7   2     71.0581370
  60    7  -3     79.5335325
  61    7  -4    100.7957967
  62    7  -5    140.9274893
  63    7  -6    179.9766219
  64    7  -7    215.5001222
  65    8   8    281.4631235
  66    8   7    228.3004119
  67    8   6    192.7767706
  68    8   5    153.7280880
  69    8   4    113.5975595
  70    8  -3     92.3348548
  71    8   2     83.8615314
  72    8  -1     68.1870846
  73    8   0     57.5838843
  74    8   1     67.1969397
  75    8  -2     83.8458936
  76    8   3     92.3345796
  77    8  -4    113.5975579
  78    8  -5    153.7280880
  79    8  -6    192.7767706
  80    8  -7    228.3004119
  81    8  -8    281.4631235
  82    9   9    363.9800788
  83    9   8    295.8636225
  84    9   7    242.7006852
  85    9   6    207.1768322
  86    9  -5    168.1288720
  87    9   4    128.0000570
  88    9  -3    106.7366934
  89    9  -2     98.2417132
  90    9  -1     82.7065596
  91    9   0     71.9746894
  92    9   1     81.4690849
  93    9   2     98.2662785
  94    9   3    106.7361431
  95    9  -4    128.0000528
  96    9   5    168.1288720
  97    9  -6    207.1768322
  98    9  -7    242.7006852
  99    9  -8    295.8636225
 100    9  -9    363.9800788
 101   10  10    441.6083445
 102   10   9    379.9804701
 103   10   8    311.8642535
 104   10   7    258.7009234
 105   10   6    223.1767695
 106   10  -5    184.1298805
 107   10   4    144.0034718
 108   10   3    122.7381683
 109   10   2    114.2727019
 110   10   1     97.3259610
 111   10   0     87.9620558
 112   10  -1     98.8380811
 113   10  -2    114.2358711
 114   10  -3    122.7391901
 115   10  -4    144.0034620
 116   10   5    184.1298804
 117   10  -6    223.1767695
 118   10  -7    258.7009234
 119   10  -8    311.8642535
 120   10  -9    379.9804701
 121   10 -10    441.6083445
 122   11  11    524.0427266
 123   11  10    459.2084390
 124   11   9    397.5808643
 125   11   8    329.4650405
 126   11   7    276.3011060
 127   11   6    240.7765410
 128   11  -5    201.7311566
 129   11  -4    161.6079854
 130   11   3    140.3407247
 131   11   2    131.8811576
 132   11   1    114.7672538
 133   11   0    105.5452264
 134   11  -1    116.5812366
 135   11  -2    131.8279904
 136   11  -3    140.3425124
 137   11   4    161.6080065
 138   11   5    201.7311565
 139   11  -6    240.7765410
 140   11  -7    276.3011060
 141   11  -8    329.4650405
 142   11  -9    397.5808643
 143   11 -10    459.2084390
 144   11 -11    524.0427266
 145   12  12    628.0799323
 146   12  11    543.2427615
 147   12  10    478.4082742
 148   12   9    416.7812499
 149   12   8    348.6660102
 150   12   7    295.5012102
 151   12   6    259.9761010
 152   12  -5    220.9327479
 153   12   4    180.8138844
 154   12  -3    159.5468572
 155   12  -2    151.0176576
 156   12   1    133.7926277
 157   12   0    124.7233733
 158   12  -1    135.9355603
 159   12   2    151.0920317
 160   12   3    159.5438786
 161   12  -4    180.8138421
 162   12   5    220.9327479
 163   12  -6    259.9761010
 164   12  -7    295.5012102
 165   12  -8    348.6660102
 166   12  -9    416.7812499
 167   12 -10    478.4082742
 168   12 -11    543.2427615
 169   12 -12    628.0799323
 170   13  13    742.5970462
 171   13  12    648.8804289
 172   13  11    564.0424613
 173   13  10    499.2077803
 174   13   9    437.5816133
 175   13   8    369.4671915
 176   13   7    316.3012114
 177   13   6    280.7754001
 178   13  -5    241.7347064
 179   13   4    201.6213497
 180   13  -3    180.3524542
 181   13   2    171.9057383
 182   13   1    154.4017288
 183   13   0    145.4956002
 184   13  -1    156.9005290
 185   13  -2    171.8044227
 186   13   3    180.3476902
 187   13  -4    201.6212698
 188   13   5    241.7347062
 189   13  -6    280.7754001
 190   13  -7    316.3012114
 191   13  -8    369.4671915
 192   13  -9    437.5816133
 193   13 -10    499.2077803
 194   13 -11    564.0424613
 195   13 -12    648.8804289
 196   13 -13    742.5970462
 197   14  14    850.6420429
 198   14  13    764.9972834
 199   14  12    671.2809041
 200   14  11    586.4417451
 201   14  10    521.6068816
 202   14   9    459.9819383
 203   14   8    391.8686159
 204   14   7    338.7010829
 205   14   6    303.1743843
 206   14  -5    264.1370880
 207   14  -4    224.0305241
 208   14  -3    202.7595706
 209   14  -2    194.1878001
 210   14   1    176.5941872
 211   14   0    167.8609455
 212   14  -1    179.4755577
 213   14   2    194.3227154
 214   14   3    202.7522114
 215   14   4    224.0306677
 216   14   5    264.1370876
 217   14  -6    303.1743843
 218   14  -7    338.7010829
 219   14  -8    391.8686159
 220   14  -9    459.9819383
 221   14 -10    521.6068816
 222   14 -11    586.4417451
 223   14 -12    671.2809041
 224   14 -13    764.9972834
 225   14 -14    850.6420429
 226   15  15    970.9823937
 227   15  14    874.6410023
 228   15  13    788.9972993
 229   15  12    695.2813445
 230   15  11    610.4405255
 231   15  10    545.6054967
 232   15   9    483.9822053
 233   15   8    415.8703170
 234   15   7    362.7007959
 235   15   6    327.1729957
 236   15  -5    288.1399530
 237   15   4    248.0421256
 238   15  -3    226.7685151
 239   15  -2    218.1672694
 240   15  -1    203.6599954
 241   15   0    191.8183860
 242   15   1    200.3696199
 243   15   2    218.3434212
 244   15   3    226.7574826
 245   15  -4    248.0418778
 246   15   5    288.1399522
 247   15  -6    327.1729957
 248   15  -7    362.7007959
 249   15  -8    415.8703170
 250   15  -9    483.9822053
 251   15 -10    545.6054967
 252   15 -11    610.4405255
 253   15 -12    695.2813445
 254   15 -13    788.9972993
 255   15 -14    874.6410023
 256   15 -15    970.9823937
