!---------------------------------------------------------------------
!-- reaction coefficients for H-H2 (Martin & Mandy ApJ,455,L89)     --
!-- items are : number of lines and then LevU, LevL, Q1, Q2, Q3, Q4 --
!---------------------------------------------------------------------
   678
      1    1      -8.422E+00    -1.142E-01    -1.455E+00     0.000E+00
      3    1      -9.827E+00    -3.983E+00    -1.844E-01     0.000E+00
      3    3      -8.311E+00    -8.620E-01     2.342E-02     0.000E+00
      5    1      -1.037E+01    -5.888E+00     1.718E+00     0.000E+00
      5    3      -9.510E+00    -4.726E+00     5.600E-01     0.000E+00
      5    5      -8.311E+00    -8.620E-01     2.342E-02     0.000E+00
      7    1      -1.105E+01    -4.707E+00    -2.614E+00     0.000E+00
      7    3      -1.016E+01    -5.094E+00    -7.041E-01     0.000E+00
      7    5      -9.679E+00    -3.427E+00    -1.876E+00     0.000E+00
      7    7      -8.317E+00    -7.882E-01    -1.654E-01     0.000E+00
      9    1      -1.164E+01    -3.995E+00    -4.853E+00     0.000E+00
      9    3      -1.078E+01    -4.193E+00    -3.954E+00     0.000E+00
      9    5      -1.040E+01    -3.349E+00    -3.737E+00     0.000E+00
      9    7      -9.853E+00    -2.372E+00    -3.676E+00     0.000E+00
      9    9      -8.494E+00     5.020E-01    -2.123E+00     0.000E+00
     10    1      -9.949E+00    -6.697E+00    -1.945E+00     0.000E+00
     10    3      -9.881E+00    -4.972E+00    -3.019E+00     0.000E+00
     10    5      -1.017E+01    -5.019E+00    -2.365E+00     0.000E+00
     10    7      -1.047E+01    -5.740E+00    -1.930E+00     0.000E+00
     10    9      -1.013E+01    -1.213E+01     7.193E+00     0.000E+00
     10   10      -8.432E+00    -1.314E-01    -9.983E-01     0.000E+00
     12    1      -1.074E+01    -4.663E+00    -3.968E+00     0.000E+00
     12    3      -9.870E+00    -5.413E+00    -2.905E+00     0.000E+00
     12    5      -9.967E+00    -4.915E+00    -2.250E+00     0.000E+00
     12    7      -1.029E+01    -5.519E+00    -9.705E-01     0.000E+00
     12    9      -1.029E+01    -9.613E+00     5.217E+00     0.000E+00
     12   10      -1.007E+01    -1.744E+00    -2.167E+00     0.000E+00
     12   12      -8.469E+00     2.356E-01    -1.669E+00     0.000E+00
     15    1      -1.108E+01    -5.507E+00    -3.104E+00     0.000E+00
     15    3      -1.041E+01    -4.835E+00    -3.324E+00     0.000E+00
     15    5      -9.884E+00    -5.227E+00    -2.382E+00     0.000E+00
     15    7      -9.973E+00    -4.689E+00    -1.602E+00     0.000E+00
     15    9      -1.019E+01    -6.706E+00     1.273E+00     0.000E+00
     15   10      -1.066E+01    -2.797E+00    -1.568E+00     0.000E+00
     15   12      -9.747E+00    -2.428E+00    -1.655E+00     0.000E+00
     15   15      -8.402E+00    -2.795E-01    -7.858E-01     0.000E+00
     17    1      -1.195E+01    -5.159E+00    -3.745E+00     0.000E+00
     17    3      -1.114E+01    -5.187E+00    -3.342E+00     0.000E+00
     17    5      -1.069E+01    -5.120E+00    -2.589E+00     0.000E+00
     17    7      -1.025E+01    -4.776E+00    -1.948E+00     0.000E+00
     17    9      -9.773E+00    -3.382E+00    -2.243E+00     0.000E+00
     17   10      -1.222E+01    -8.699E+00     1.928E-01     0.000E+00
     17   12      -1.129E+01    -9.576E+00     2.661E+00     0.000E+00
     17   15      -1.070E+01    -1.022E+01     5.861E+00     0.000E+00
     17   17      -8.310E+00    -8.455E-01    -2.682E-03     0.000E+00
     18    1      -1.173E+01    -3.960E+00    -5.544E+00     0.000E+00
     18    3      -1.098E+01    -3.660E+00    -5.411E+00     0.000E+00
     18    5      -1.065E+01    -3.049E+00    -5.231E+00     0.000E+00
     18    7      -1.007E+01    -3.670E+00    -4.056E+00     0.000E+00
     18    9      -1.006E+01    -3.381E+00    -3.004E+00     0.000E+00
     18   10      -1.165E+01     1.860E-02    -7.361E+00     0.000E+00
     18   12      -1.073E+01    -3.806E-01    -6.193E+00     0.000E+00
     18   15      -1.003E+01    -5.304E-01    -5.021E+00     0.000E+00
     18   17      -1.047E+01    -5.928E+00     2.003E+00     0.000E+00
     18   18      -8.609E+00     1.280E+00    -3.212E+00     0.000E+00
     21    1      -1.196E+01    -5.127E+00    -4.274E+00     0.000E+00
     21    3      -1.126E+01    -4.571E+00    -4.276E+00     0.000E+00
     21    5      -1.081E+01    -4.462E+00    -3.832E+00     0.000E+00
     21    7      -1.051E+01    -3.848E+00    -3.775E+00     0.000E+00
     21    9      -9.967E+00    -4.340E+00    -2.769E+00     0.000E+00
     21   10      -1.202E+01    -1.880E+00    -5.187E+00     0.000E+00
     21   12      -1.112E+01    -2.063E+00    -4.875E+00     0.000E+00
     21   15      -1.058E+01    -1.724E+00    -4.649E+00     0.000E+00
     21   17      -9.993E+00    -3.549E+00    -2.059E+00     0.000E+00
     21   18      -1.002E+01    -9.088E-01    -4.776E+00     0.000E+00
     21   21      -8.429E+00    -4.721E-02    -1.161E+00     0.000E+00
     22    1      -1.044E+01    -9.089E+00    -5.277E-01     0.000E+00
     22    3      -1.023E+01    -7.354E+00    -1.796E+00     0.000E+00
     22    5      -1.070E+01    -5.268E+00    -3.079E+00     0.000E+00
     22    7      -1.115E+01    -4.231E+00    -3.956E+00     0.000E+00
     22    9      -1.150E+01    -4.884E+00    -3.901E+00     0.000E+00
     22   10      -9.855E+00    -7.705E+00    -4.034E-01     0.000E+00
     22   12      -9.834E+00    -5.715E+00    -1.690E+00     0.000E+00
     22   15      -1.023E+01    -5.336E+00    -1.265E+00     0.000E+00
     22   17      -1.152E+01    -8.750E+00    -6.650E-01     0.000E+00
     22   18      -1.075E+01    -5.243E+00    -1.348E+00     0.000E+00
     22   21      -1.061E+01    -1.057E+01     6.476E+00     0.000E+00
     22   22      -8.400E+00    -4.542E-01    -4.299E-01     0.000E+00
     24    1      -1.233E+01    -6.155E+00    -2.870E+00     0.000E+00
     24    3      -1.156E+01    -6.106E+00    -2.650E+00     0.000E+00
     24    5      -1.119E+01    -5.823E+00    -2.463E+00     0.000E+00
     24    7      -1.080E+01    -5.596E+00    -2.047E+00     0.000E+00
     24    9      -1.037E+01    -5.104E+00    -1.723E+00     0.000E+00
     24   10      -1.287E+01    -7.910E+00    -1.527E+00     0.000E+00
     24   12      -1.207E+01    -7.852E+00    -1.223E+00     0.000E+00
     24   15      -1.160E+01    -7.741E+00    -3.748E-01     0.000E+00
     24   17      -9.763E+00    -4.257E+00    -9.098E-01     0.000E+00
     24   18      -1.130E+01    -6.472E+00    -9.456E-01     0.000E+00
     24   21      -1.078E+01    -6.805E+00     4.311E+00     0.000E+00
     24   22      -1.250E+01    -1.654E+01     7.301E+00     0.000E+00
     24   24      -8.216E+00    -1.441E+00     7.497E-01     0.000E+00
     25    1      -1.123E+01    -6.583E+00    -3.429E+00     0.000E+00
     25    3      -1.049E+01    -6.492E+00    -3.236E+00     0.000E+00
     25    5      -1.056E+01    -5.066E+00    -4.195E+00     0.000E+00
     25    7      -1.109E+01    -3.162E+00    -5.397E+00     0.000E+00
     25    9      -1.148E+01    -3.194E+00    -5.346E+00     0.000E+00
     25   10      -1.065E+01    -5.814E+00    -2.249E+00     0.000E+00
     25   12      -9.980E+00    -4.978E+00    -3.505E+00     0.000E+00
     25   15      -1.022E+01    -3.448E+00    -3.744E+00     0.000E+00
     25   17      -1.165E+01    -6.434E+00    -2.534E+00     0.000E+00
     25   18      -1.073E+01    -3.188E+00    -3.536E+00     0.000E+00
     25   21      -1.098E+01    -5.926E+00     9.551E-01     0.000E+00
     25   22      -1.032E+01     8.455E-01    -4.992E+00     0.000E+00
     25   24      -1.142E+01    -1.329E+01     3.548E+00     0.000E+00
     25   25      -8.773E+00     2.406E+00    -5.001E+00     0.000E+00
     28    1      -1.180E+01    -5.704E+00    -4.063E+00     0.000E+00
     28    3      -1.100E+01    -6.171E+00    -3.109E+00     0.000E+00
     28    5      -1.061E+01    -5.892E+00    -3.151E+00     0.000E+00
     28    7      -1.055E+01    -4.724E+00    -3.965E+00     0.000E+00
     28    9      -1.108E+01    -2.911E+00    -5.062E+00     0.000E+00
     28   10      -1.135E+01    -4.903E+00    -2.653E+00     0.000E+00
     28   12      -1.053E+01    -4.724E+00    -3.139E+00     0.000E+00
     28   15      -1.002E+01    -4.499E+00    -3.238E+00     0.000E+00
     28   17      -1.167E+01    -2.864E+00    -5.929E+00     0.000E+00
     28   18      -1.027E+01    -2.515E+00    -3.804E+00     0.000E+00
     28   21      -1.076E+01    -2.958E+00    -3.620E+00     0.000E+00
     28   22      -1.113E+01     8.248E-01    -6.357E+00     0.000E+00
     28   24      -1.158E+01    -1.004E+01     1.989E+00     0.000E+00
     28   25      -1.004E+01     2.388E-01    -4.876E+00     0.000E+00
     28   28      -8.732E+00     2.098E+00    -4.482E+00     0.000E+00
     31    1      -1.234E+01    -5.751E+00    -3.829E+00     0.000E+00
     31    3      -1.162E+01    -5.298E+00    -3.824E+00     0.000E+00
     31    5      -1.126E+01    -4.738E+00    -3.980E+00     0.000E+00
     31    7      -1.095E+01    -4.266E+00    -4.020E+00     0.000E+00
     31    9      -1.066E+01    -3.620E+00    -4.196E+00     0.000E+00
     31   10      -1.268E+01    -2.195E+00    -5.400E+00     0.000E+00
     31   12      -1.182E+01    -2.246E+00    -5.307E+00     0.000E+00
     31   15      -1.127E+01    -2.118E+00    -5.190E+00     0.000E+00
     31   17      -1.018E+01    -3.793E+00    -3.404E+00     0.000E+00
     31   18      -1.073E+01    -1.779E+00    -5.048E+00     0.000E+00
     31   21      -1.014E+01    -8.265E-01    -5.127E+00     0.000E+00
     31   22      -1.316E+01    -5.053E+00    -3.162E+00     0.000E+00
     31   24      -1.027E+01    -1.729E+00    -3.930E+00     0.000E+00
     31   25      -1.209E+01    -6.487E+00    -1.245E-01     0.000E+00
     31   28      -1.150E+01    -6.265E+00     1.509E+00     0.000E+00
     31   31      -8.638E+00     1.556E+00    -3.725E+00     0.000E+00
     32    1      -1.212E+01    -6.608E+00    -2.416E+00     0.000E+00
     32    3      -1.139E+01    -6.393E+00    -2.176E+00     0.000E+00
     32    5      -1.102E+01    -6.202E+00    -1.994E+00     0.000E+00
     32    7      -1.058E+01    -6.096E+00    -1.909E+00     0.000E+00
     32    9      -1.031E+01    -5.851E+00    -1.820E+00     0.000E+00
     32   10      -1.193E+01    -4.912E+00    -1.958E+00     0.000E+00
     32   12      -1.103E+01    -4.996E+00    -2.065E+00     0.000E+00
     32   15      -1.052E+01    -4.711E+00    -2.216E+00     0.000E+00
     32   17      -1.090E+01    -4.094E+00    -2.616E+00     0.000E+00
     32   18      -9.917E+00    -4.859E+00    -1.696E+00     0.000E+00
     32   21      -9.937E+00    -3.726E+00    -1.271E+00     0.000E+00
     32   22      -1.189E+01     7.327E-01    -7.055E+00     0.000E+00
     32   24      -1.160E+01    -5.983E+00    -1.157E+00     0.000E+00
     32   25      -1.072E+01    -8.490E-01    -4.512E+00     0.000E+00
     32   28      -9.854E+00    -1.421E+00    -2.939E+00     0.000E+00
     32   31      -1.034E+01    -7.398E+00     4.215E+00     0.000E+00
     32   32      -8.289E+00    -1.132E+00     4.664E-01     0.000E+00
     33    1      -1.311E+01    -6.596E+00    -2.257E+00     0.000E+00
     33    3      -1.237E+01    -6.510E+00    -2.123E+00     0.000E+00
     33    5      -1.203E+01    -6.272E+00    -2.001E+00     0.000E+00
     33    7      -1.168E+01    -6.111E+00    -1.772E+00     0.000E+00
     33    9      -1.126E+01    -5.883E+00    -1.564E+00     0.000E+00
     33   10      -1.314E+01    -1.099E+01     2.067E+00     0.000E+00
     33   12      -1.254E+01    -9.925E+00     1.114E+00     0.000E+00
     33   15      -1.228E+01    -8.848E+00     4.267E-01     0.000E+00
     33   17      -1.073E+01    -5.504E+00    -1.124E+00     0.000E+00
     33   18      -1.209E+01    -7.530E+00    -3.629E-01     0.000E+00
     33   21      -1.180E+01    -6.795E+00    -8.598E-02     0.000E+00
     33   22      -1.332E+01    -1.553E+01     5.164E+00     0.000E+00
     33   24      -1.005E+01    -4.168E+00    -7.708E-01     0.000E+00
     33   25      -1.244E+01    -1.609E+01     6.560E+00     0.000E+00
     33   28      -1.211E+01    -1.569E+01     7.728E+00     0.000E+00
     33   31      -1.147E+01    -5.084E+00     1.632E+00     0.000E+00
     33   32      -1.208E+01    -1.377E+01     8.085E+00     0.000E+00
     33   33      -8.382E+00    -2.587E-01    -9.350E-01     0.000E+00
     36    1      -1.250E+01    -6.389E+00    -2.983E+00     0.000E+00
     36    3      -1.179E+01    -5.919E+00    -3.186E+00     0.000E+00
     36    5      -1.138E+01    -5.945E+00    -2.659E+00     0.000E+00
     36    7      -1.098E+01    -6.277E+00    -1.828E+00     0.000E+00
     36    9      -1.063E+01    -6.151E+00    -1.624E+00     0.000E+00
     36   10      -1.242E+01    -4.620E+00    -2.792E+00     0.000E+00
     36   12      -1.158E+01    -4.374E+00    -3.129E+00     0.000E+00
     36   15      -1.103E+01    -4.214E+00    -3.359E+00     0.000E+00
     36   17      -1.048E+01    -5.639E+00    -1.634E+00     0.000E+00
     36   18      -1.052E+01    -4.269E+00    -2.764E+00     0.000E+00
     36   21      -9.911E+00    -4.606E+00    -1.827E+00     0.000E+00
     36   22      -1.249E+01    -8.328E-01    -5.201E+00     0.000E+00
     36   24      -1.124E+01    -3.440E+00    -2.586E+00     0.000E+00
     36   25      -1.149E+01    -1.066E+00    -4.992E+00     0.000E+00
     36   28      -1.073E+01    -1.349E+00    -4.368E+00     0.000E+00
     36   31      -1.001E+01    -2.979E+00    -1.609E+00     0.000E+00
     36   32      -9.997E+00    -8.087E-01    -4.410E+00     0.000E+00
     36   33      -1.178E+01    -9.455E+00     4.753E+00     0.000E+00
     36   36      -8.245E+00    -1.400E+00     8.155E-01     0.000E+00
     37    1      -1.165E+01    -9.554E+00     6.267E-01     0.000E+00
     37    3      -1.081E+01    -1.005E+01     1.104E+00     0.000E+00
     37    5      -1.129E+01    -6.870E+00    -1.769E+00     0.000E+00
     37    7      -1.187E+01    -4.480E+00    -3.671E+00     0.000E+00
     37    9      -1.245E+01    -3.324E+00    -5.211E+00     0.000E+00
     37   10      -1.047E+01    -1.182E+01     2.958E+00     0.000E+00
     37   12      -1.043E+01    -8.315E+00    -8.769E-01     0.000E+00
     37   15      -1.104E+01    -5.173E+00    -3.166E+00     0.000E+00
     37   17      -1.262E+01    -6.094E+00    -3.168E+00     0.000E+00
     37   18      -1.176E+01    -3.054E+00    -5.209E+00     0.000E+00
     37   21      -1.180E+01    -6.298E+00    -1.839E+00     0.000E+00
     37   22      -1.011E+01    -5.846E+00    -5.949E-01     0.000E+00
     37   24      -1.236E+01    -1.256E+01     2.180E+00     0.000E+00
     37   25      -1.032E+01    -3.877E+00    -2.475E+00     0.000E+00
     37   28      -1.078E+01    -3.903E+00    -2.357E+00     0.000E+00
     37   31      -1.200E+01    -1.049E+01     2.616E+00     0.000E+00
     37   32      -1.147E+01    -3.882E+00    -1.862E+00     0.000E+00
     37   33      -1.202E+01    -2.179E+01     1.116E+01     0.000E+00
     37   36      -1.148E+01    -8.718E+00     5.004E+00     0.000E+00
     37   37      -8.259E+00    -1.363E+00     6.725E-01     0.000E+00
     39    1      -1.302E+01    -6.761E+00    -2.364E+00     0.000E+00
     39    3      -1.224E+01    -6.644E+00    -2.118E+00     0.000E+00
     39    5      -1.189E+01    -6.086E+00    -2.330E+00     0.000E+00
     39    7      -1.158E+01    -5.592E+00    -2.514E+00     0.000E+00
     39    9      -1.126E+01    -5.277E+00    -2.529E+00     0.000E+00
     39   10      -1.343E+01    -4.103E+00    -3.212E+00     0.000E+00
     39   12      -1.266E+01    -3.798E+00    -3.472E+00     0.000E+00
     39   15      -1.216E+01    -3.592E+00    -3.544E+00     0.000E+00
     39   17      -1.086E+01    -5.137E+00    -2.236E+00     0.000E+00
     39   18      -1.165E+01    -3.369E+00    -3.484E+00     0.000E+00
     39   21      -1.108E+01    -2.959E+00    -3.417E+00     0.000E+00
     39   22      -1.371E+01    -7.385E+00    -3.161E-01     0.000E+00
     39   24      -1.032E+01    -5.069E+00    -1.574E+00     0.000E+00
     39   25      -1.287E+01    -7.223E+00    -3.900E-01     0.000E+00
     39   28      -1.238E+01    -6.549E+00    -6.515E-01     0.000E+00
     39   31      -1.027E+01    -2.071E+00    -3.186E+00     0.000E+00
     39   32      -1.207E+01    -4.764E+00    -1.630E+00     0.000E+00
     39   33      -1.053E+01    -1.168E+00    -3.530E+00     0.000E+00
     39   36      -1.159E+01    -4.031E+00     1.220E+00     0.000E+00
     39   37      -1.371E+01    -1.604E+01     7.893E+00     0.000E+00
     39   39      -8.566E+00     1.031E+00    -2.877E+00     0.000E+00
     40    1      -1.165E+01    -1.046E+01     1.300E+00     0.000E+00
     40    3      -1.120E+01    -9.215E+00     3.282E-01     0.000E+00
     40    5      -1.105E+01    -8.320E+00    -2.782E-01     0.000E+00
     40    7      -1.151E+01    -5.605E+00    -2.538E+00     0.000E+00
     40    9      -1.210E+01    -3.833E+00    -3.826E+00     0.000E+00
     40   10      -1.120E+01    -9.434E+00     7.315E-01     0.000E+00
     40   12      -1.058E+01    -8.590E+00    -2.550E-01     0.000E+00
     40   15      -1.064E+01    -6.937E+00    -1.423E+00     0.000E+00
     40   17      -1.265E+01    -4.310E+00    -3.531E+00     0.000E+00
     40   18      -1.127E+01    -4.350E+00    -2.989E+00     0.000E+00
     40   21      -1.176E+01    -4.179E+00    -2.907E+00     0.000E+00
     40   22      -1.114E+01    -4.874E+00    -7.511E-01     0.000E+00
     40   24      -1.255E+01    -1.026E+01     1.506E+00     0.000E+00
     40   25      -1.007E+01    -5.177E+00    -1.516E+00     0.000E+00
     40   28      -1.039E+01    -3.615E+00    -2.646E+00     0.000E+00
     40   31      -1.188E+01    -8.919E+00     1.928E+00     0.000E+00
     40   32      -1.100E+01    -4.081E+00    -1.853E+00     0.000E+00
     40   33      -1.229E+01    -1.909E+01     1.004E+01     0.000E+00
     40   36      -1.165E+01    -5.379E+00     2.425E+00     0.000E+00
     40   37      -1.022E+01    -1.968E-01    -2.434E+00     0.000E+00
     40   39      -1.256E+01    -1.224E+01     3.743E+00     0.000E+00
     40   40      -8.537E+00     7.148E-01    -2.312E+00     0.000E+00
     44    1      -1.237E+01    -8.828E+00    -7.147E-02     0.000E+00
     44    3      -1.155E+01    -9.166E+00     4.715E-01     0.000E+00
     44    5      -1.134E+01    -8.517E+00     2.072E-01     0.000E+00
     44    7      -1.120E+01    -7.144E+00    -1.052E+00     0.000E+00
     44    9      -1.149E+01    -5.098E+00    -2.771E+00     0.000E+00
     44   10      -1.184E+01    -8.532E+00     4.556E-01     0.000E+00
     44   12      -1.115E+01    -7.917E+00    -3.327E-01     0.000E+00
     44   15      -1.073E+01    -7.699E+00    -2.988E-01     0.000E+00
     44   17      -1.232E+01    -3.127E+00    -3.841E+00     0.000E+00
     44   18      -1.068E+01    -6.066E+00    -1.532E+00     0.000E+00
     44   21      -1.124E+01    -3.743E+00    -2.769E+00     0.000E+00
     44   22      -1.204E+01    -3.311E+00    -2.042E+00     0.000E+00
     44   24      -1.298E+01    -5.093E+00    -2.002E+00     0.000E+00
     44   25      -1.098E+01    -4.531E+00    -1.309E+00     0.000E+00
     44   28      -9.988E+00    -5.522E+00    -1.723E+00     0.000E+00
     44   31      -1.194E+01    -4.129E+00    -2.229E+00     0.000E+00
     44   32      -1.033E+01    -3.192E+00    -2.123E+00     0.000E+00
     44   33      -1.285E+01    -1.294E+01     4.284E+00     0.000E+00
     44   36      -1.102E+01    -4.376E+00     2.231E-01     0.000E+00
     44   37      -1.138E+01    -2.327E-01    -3.976E+00     0.000E+00
     44   39      -1.226E+01    -1.134E+01     6.452E+00     0.000E+00
     44   40      -1.006E+01    -4.546E-01    -2.866E+00     0.000E+00
     44   44      -8.528E+00     6.811E-01    -2.285E+00     0.000E+00
     47    1      -1.355E+01    -8.416E+00    -8.552E-01     0.000E+00
     47    3      -1.273E+01    -8.780E+00    -3.250E-01     0.000E+00
     47    5      -1.229E+01    -9.135E+00     2.824E-01     0.000E+00
     47    7      -1.196E+01    -9.133E+00     5.648E-01     0.000E+00
     47    9      -1.164E+01    -8.846E+00     5.374E-01     0.000E+00
     47   10      -1.347E+01    -1.192E+01     1.979E+00     0.000E+00
     47   12      -1.283E+01    -1.109E+01     1.306E+00     0.000E+00
     47   15      -1.261E+01    -1.006E+01     6.200E-01     0.000E+00
     47   17      -1.139E+01    -7.538E+00    -3.268E-01     0.000E+00
     47   18      -1.245E+01    -9.053E+00     9.354E-02     0.000E+00
     47   21      -1.223E+01    -8.298E+00    -1.219E-01     0.000E+00
     47   22      -1.375E+01    -1.592E+01     5.633E+00     0.000E+00
     47   24      -1.081E+01    -7.027E+00     9.871E-02     0.000E+00
     47   25      -1.306E+01    -1.506E+01     4.880E+00     0.000E+00
     47   28      -1.267E+01    -1.446E+01     4.762E+00     0.000E+00
     47   31      -1.183E+01    -7.936E+00     4.920E-01     0.000E+00
     47   32      -1.236E+01    -1.424E+01     5.400E+00     0.000E+00
     47   33      -1.021E+01    -4.031E+00    -1.125E+00     0.000E+00
     47   36      -1.212E+01    -1.462E+01     7.902E+00     0.000E+00
     47   37      -1.439E+01    -1.935E+01     6.477E+00     0.000E+00
     47   39      -1.150E+01    -5.124E+00     2.384E-02     0.000E+00
     47   40      -1.366E+01    -1.913E+01     7.966E+00     0.000E+00
     47   44      -1.322E+01    -1.894E+01     9.407E+00     0.000E+00
     47   47      -8.477E+00     4.396E-01    -2.006E+00     0.000E+00
     48    1      -1.302E+01    -7.060E+00    -2.526E+00     0.000E+00
     48    3      -1.228E+01    -6.754E+00    -2.567E+00     0.000E+00
     48    5      -1.188E+01    -6.713E+00    -2.058E+00     0.000E+00
     48    7      -1.152E+01    -6.844E+00    -1.536E+00     0.000E+00
     48    9      -1.122E+01    -6.872E+00    -1.082E+00     0.000E+00
     48   10      -1.295E+01    -5.788E+00    -1.904E+00     0.000E+00
     48   12      -1.217E+01    -5.311E+00    -2.426E+00     0.000E+00
     48   15      -1.168E+01    -4.919E+00    -2.844E+00     0.000E+00
     48   17      -1.109E+01    -6.466E+00    -9.897E-01     0.000E+00
     48   18      -1.121E+01    -4.784E+00    -2.744E+00     0.000E+00
     48   21      -1.071E+01    -4.898E+00    -2.132E+00     0.000E+00
     48   22      -1.348E+01    -1.559E+00    -4.482E+00     0.000E+00
     48   24      -1.112E+01    -5.237E+00    -1.506E+00     0.000E+00
     48   25      -1.251E+01    -1.709E+00    -4.437E+00     0.000E+00
     48   28      -1.177E+01    -1.931E+00    -4.197E+00     0.000E+00
     48   31      -1.008E+01    -5.269E+00    -1.087E+00     0.000E+00
     48   32      -1.102E+01    -1.965E+00    -3.889E+00     0.000E+00
     48   33      -1.184E+01    -2.791E+00    -2.470E+00     0.000E+00
     48   36      -1.026E+01    -1.102E+00    -4.081E+00     0.000E+00
     48   37      -1.413E+01    -5.625E+00    -5.222E-01     0.000E+00
     48   39      -1.032E+01    -1.621E+00    -2.709E+00     0.000E+00
     48   40      -1.322E+01    -5.143E+00     5.494E-01     0.000E+00
     48   44      -1.261E+01    -4.143E+00     1.350E+00     0.000E+00
     48   47      -1.225E+01    -9.449E+00     4.610E+00     0.000E+00
     48   48      -8.489E+00     3.936E-01    -1.843E+00     0.000E+00
     49    1      -1.284E+01    -8.625E+00     1.255E-01     0.000E+00
     49    3      -1.212E+01    -8.474E+00     3.588E-01     0.000E+00
     49    5      -1.179E+01    -7.921E+00    -7.561E-02     0.000E+00
     49    7      -1.150E+01    -7.424E+00    -4.424E-01     0.000E+00
     49    9      -1.117E+01    -6.885E+00    -1.074E+00     0.000E+00
     49   10      -1.248E+01    -8.092E+00     7.825E-01     0.000E+00
     49   12      -1.175E+01    -7.349E+00    -1.554E-01     0.000E+00
     49   15      -1.135E+01    -6.793E+00    -6.318E-01     0.000E+00
     49   17      -1.156E+01    -5.039E+00    -2.293E+00     0.000E+00
     49   18      -1.084E+01    -6.718E+00    -6.109E-01     0.000E+00
     49   21      -1.058E+01    -5.854E+00    -1.254E+00     0.000E+00
     49   22      -1.282E+01    -2.617E+00    -2.498E+00     0.000E+00
     49   24      -1.264E+01    -3.237E+00    -2.724E+00     0.000E+00
     49   25      -1.180E+01    -3.231E+00    -2.297E+00     0.000E+00
     49   28      -1.095E+01    -4.764E+00    -1.132E+00     0.000E+00
     49   31      -1.135E+01    -3.153E+00    -2.345E+00     0.000E+00
     49   32      -9.891E+00    -6.093E+00    -3.918E-01     0.000E+00
     49   33      -1.307E+01    -8.243E+00     1.819E+00     0.000E+00
     49   36      -1.018E+01    -2.820E+00    -1.556E+00     0.000E+00
     49   37      -1.245E+01    -1.445E-01    -5.073E+00     0.000E+00
     49   39      -1.233E+01    -5.599E+00     7.605E-01     0.000E+00
     49   40      -1.117E+01    -9.291E-01    -3.651E+00     0.000E+00
     49   44      -1.004E+01    -1.113E+00    -2.695E+00     0.000E+00
     49   47      -1.228E+01    -2.046E+01     1.370E+01     0.000E+00
     49   48      -1.125E+01    -4.944E+00     2.826E+00     0.000E+00
     49   49      -8.229E+00    -1.470E+00     8.430E-01     0.000E+00
     54    1      -1.321E+01    -7.852E+00    -1.458E+00     0.000E+00
     54    3      -1.242E+01    -8.019E+00    -8.874E-01     0.000E+00
     54    5      -1.202E+01    -8.178E+00    -3.180E-01     0.000E+00
     54    7      -1.170E+01    -8.126E+00    -2.807E-01     0.000E+00
     54    9      -1.145E+01    -8.035E+00     2.425E-02     0.000E+00
     54   10      -1.298E+01    -7.196E+00    -6.635E-01     0.000E+00
     54   12      -1.217E+01    -6.935E+00    -9.979E-01     0.000E+00
     54   15      -1.166E+01    -6.951E+00    -9.627E-01     0.000E+00
     54   17      -1.142E+01    -7.081E+00    -6.449E-01     0.000E+00
     54   18      -1.121E+01    -7.077E+00    -6.493E-01     0.000E+00
     54   21      -1.071E+01    -7.687E+00     2.179E-01     0.000E+00
     54   22      -1.331E+01    -2.631E+00    -3.391E+00     0.000E+00
     54   24      -1.203E+01    -5.179E+00    -1.519E+00     0.000E+00
     54   25      -1.233E+01    -3.055E+00    -3.178E+00     0.000E+00
     54   28      -1.155E+01    -4.026E+00    -2.438E+00     0.000E+00
     54   31      -1.082E+01    -5.681E+00    -1.069E+00     0.000E+00
     54   32      -1.077E+01    -5.164E+00    -1.374E+00     0.000E+00
     54   33      -1.280E+01    -6.060E+00     1.016E+00     0.000E+00
     54   36      -9.892E+00    -5.330E+00    -1.315E+00     0.000E+00
     54   37      -1.359E+01    -3.429E-01    -5.264E+00     0.000E+00
     54   39      -1.164E+01    -2.980E+00    -1.866E+00     0.000E+00
     54   40      -1.238E+01    -3.405E-01    -5.326E+00     0.000E+00
     54   44      -1.132E+01    -7.387E-01    -4.757E+00     0.000E+00
     54   47      -1.256E+01    -1.407E+01     7.767E+00     0.000E+00
     54   48      -1.023E+01    -2.253E+00    -1.641E+00     0.000E+00
     54   49      -1.029E+01    -1.457E-01    -4.839E+00     0.000E+00
     54   54      -8.251E+00    -1.352E+00     7.287E-01     0.000E+00
      2    2      -8.560E+00     1.556E+00    -4.061E+00     0.000E+00
      4    2      -9.493E+00    -4.435E+00     2.707E-01     0.000E+00
      4    4      -8.205E+00    -9.478E-01     3.800E-02     0.000E+00
      6    2      -1.016E+01    -4.922E+00    -4.864E-01     0.000E+00
      6    4      -9.548E+00    -3.725E+00    -1.202E+00     0.000E+00
      6    6      -8.301E+00    -2.603E-01    -9.289E-01     0.000E+00
      8    2      -1.068E+01    -4.725E+00    -3.045E+00     0.000E+00
      8    4      -1.021E+01    -3.949E+00    -2.696E+00     0.000E+00
      8    6      -9.530E+00    -3.939E+00    -1.229E+00     0.000E+00
      8    8      -8.185E+00    -1.098E+00     3.299E-01     0.000E+00
     11    2      -9.726E+00    -5.947E+00    -2.454E+00     0.000E+00
     11    4      -9.795E+00    -5.302E+00    -2.161E+00     0.000E+00
     11    6      -1.009E+01    -5.825E+00    -8.920E-01     0.000E+00
     11    8      -1.012E+01    -9.200E+00     3.965E+00     0.000E+00
     11   11      -8.240E+00    -8.183E-01     4.014E-03     0.000E+00
     13    2      -1.037E+01    -4.830E+00    -3.613E+00     0.000E+00
     13    4      -9.796E+00    -5.309E+00    -2.635E+00     0.000E+00
     13    6      -9.873E+00    -4.892E+00    -1.793E+00     0.000E+00
     13    8      -1.022E+01    -5.664E+00    -5.139E-01     0.000E+00
     13   11      -9.674E+00    -2.526E+00    -1.324E+00     0.000E+00
     13   13      -8.249E+00    -7.223E-01    -2.192E-01     0.000E+00
     14    2      -1.121E+01    -4.601E+00    -4.077E+00     0.000E+00
     14    4      -1.062E+01    -4.913E+00    -2.901E+00     0.000E+00
     14    6      -1.019E+01    -4.450E+00    -2.266E+00     0.000E+00
     14    8      -9.692E+00    -3.134E+00    -2.553E+00     0.000E+00
     14   11      -1.107E+01    -1.187E+01     6.783E+00     0.000E+00
     14   13      -1.071E+01    -1.032E+01     6.575E+00     0.000E+00
     14   14      -8.251E+00    -6.184E-01    -3.703E-01     0.000E+00
     16    2      -1.082E+01    -4.610E+00    -4.325E+00     0.000E+00
     16    4      -1.048E+01    -3.698E+00    -4.603E+00     0.000E+00
     16    6      -9.908E+00    -4.288E+00    -3.446E+00     0.000E+00
     16    8      -9.950E+00    -3.911E+00    -2.504E+00     0.000E+00
     16   11      -1.054E+01    -1.287E+00    -4.423E+00     0.000E+00
     16   13      -9.830E+00    -1.201E+00    -3.773E+00     0.000E+00
     16   14      -1.027E+01    -6.431E+00     1.742E+00     0.000E+00
     16   16      -8.464E+00     8.144E-01    -2.482E+00     0.000E+00
     19    2      -1.180E+01    -4.414E+00    -4.911E+00     0.000E+00
     19    4      -1.132E+01    -4.267E+00    -4.582E+00     0.000E+00
     19    6      -1.093E+01    -3.944E+00    -4.243E+00     0.000E+00
     19    8      -1.047E+01    -3.552E+00    -3.842E+00     0.000E+00
     19   11      -1.231E+01    -6.531E+00    -3.294E+00     0.000E+00
     19   13      -1.179E+01    -6.513E+00    -2.171E+00     0.000E+00
     19   14      -9.891E+00    -2.414E+00    -3.654E+00     0.000E+00
     19   16      -1.125E+01    -7.134E+00     9.505E-01     0.000E+00
     19   19      -8.520E+00     1.355E+00    -3.388E+00     0.000E+00
     20    2      -1.133E+01    -3.940E+00    -5.584E+00     0.000E+00
     20    4      -1.081E+01    -3.883E+00    -5.016E+00     0.000E+00
     20    6      -1.048E+01    -3.425E+00    -4.626E+00     0.000E+00
     20    8      -9.952E+00    -3.994E+00    -3.477E+00     0.000E+00
     20   11      -1.122E+01    -7.356E-01    -6.636E+00     0.000E+00
     20   13      -1.060E+01    -6.629E-01    -6.103E+00     0.000E+00
     20   14      -9.990E+00    -3.334E+00    -2.703E+00     0.000E+00
     20   16      -9.952E+00    -5.023E-01    -5.294E+00     0.000E+00
     20   19      -1.089E+01    -4.851E+00     2.029E+00     0.000E+00
     20   20      -8.468E+00     8.981E-01    -2.641E+00     0.000E+00
     23    2      -1.017E+01    -8.397E+00    -9.418E-01     0.000E+00
     23    4      -1.022E+01    -6.928E+00    -1.802E+00     0.000E+00
     23    6      -1.073E+01    -4.946E+00    -3.086E+00     0.000E+00
     23    8      -1.114E+01    -4.678E+00    -3.158E+00     0.000E+00
     23   11      -9.583E+00    -7.371E+00    -3.075E-01     0.000E+00
     23   13      -9.827E+00    -5.575E+00    -1.239E+00     0.000E+00
     23   14      -1.140E+01    -6.987E+00    -1.250E+00     0.000E+00
     23   16      -1.026E+01    -5.448E+00    -6.298E-01     0.000E+00
     23   19      -1.104E+01    -1.483E+01     6.807E+00     0.000E+00
     23   20      -1.045E+01    -8.118E+00     3.638E+00     0.000E+00
     23   23      -8.185E+00    -1.233E+00     5.808E-01     0.000E+00
     26    2      -1.077E+01    -7.513E+00    -1.459E+00     0.000E+00
     26    4      -1.032E+01    -7.351E+00    -1.344E+00     0.000E+00
     26    6      -1.031E+01    -6.125E+00    -2.162E+00     0.000E+00
     26    8      -1.081E+01    -4.534E+00    -3.010E+00     0.000E+00
     26   11      -1.020E+01    -6.768E+00    -4.094E-01     0.000E+00
     26   13      -9.716E+00    -6.200E+00    -1.197E+00     0.000E+00
     26   14      -1.136E+01    -4.661E+00    -3.128E+00     0.000E+00
     26   16      -9.949E+00    -4.588E+00    -1.322E+00     0.000E+00
     26   19      -1.134E+01    -1.106E+01     3.760E+00     0.000E+00
     26   20      -1.042E+01    -4.741E+00    -1.022E+00     0.000E+00
     26   23      -9.730E+00    -1.563E+00    -1.731E+00     0.000E+00
     26   26      -8.334E+00    -1.691E-01    -9.504E-01     0.000E+00
     27    2      -1.142E+01    -6.633E+00    -2.282E+00     0.000E+00
     27    4      -1.100E+01    -6.094E+00    -2.248E+00     0.000E+00
     27    6      -1.068E+01    -5.603E+00    -2.233E+00     0.000E+00
     27    8      -1.040E+01    -4.936E+00    -2.344E+00     0.000E+00
     27   11      -1.162E+01    -3.149E+00    -3.671E+00     0.000E+00
     27   13      -1.097E+01    -3.312E+00    -3.260E+00     0.000E+00
     27   14      -9.910E+00    -5.251E+00    -1.386E+00     0.000E+00
     27   16      -1.040E+01    -3.161E+00    -2.797E+00     0.000E+00
     27   19      -1.006E+01    -3.303E+00    -1.731E+00     0.000E+00
     27   20      -9.862E+00    -1.876E+00    -3.500E+00     0.000E+00
     27   23      -1.166E+01    -1.013E+01     6.068E+00     0.000E+00
     27   26      -1.115E+01    -9.020E+00     6.241E+00     0.000E+00
     27   27      -8.156E+00    -1.351E+00     7.108E-01     0.000E+00
     29    2      -1.200E+01    -6.638E+00    -2.245E+00     0.000E+00
     29    4      -1.155E+01    -6.507E+00    -2.023E+00     0.000E+00
     29    6      -1.118E+01    -6.381E+00    -1.720E+00     0.000E+00
     29    8      -1.081E+01    -6.015E+00    -1.554E+00     0.000E+00
     29   11      -1.224E+01    -9.791E+00     4.924E-01     0.000E+00
     29   13      -1.186E+01    -8.978E+00     8.597E-02     0.000E+00
     29   14      -1.034E+01    -5.714E+00    -9.841E-01     0.000E+00
     29   16      -1.153E+01    -8.396E+00     1.930E-01     0.000E+00
     29   19      -9.640E+00    -4.686E+00    -3.778E-01     0.000E+00
     29   20      -1.121E+01    -7.782E+00     5.881E-01     0.000E+00
     29   23      -1.190E+01    -1.828E+01     9.395E+00     0.000E+00
     29   26      -1.160E+01    -1.685E+01     8.893E+00     0.000E+00
     29   27      -1.101E+01    -6.257E+00     3.427E+00     0.000E+00
     29   29      -8.199E+00    -9.737E-01     1.656E-01     0.000E+00
     30    2      -1.133E+01    -6.638E+00    -2.175E+00     0.000E+00
     30    4      -1.087E+01    -6.631E+00    -1.771E+00     0.000E+00
     30    6      -1.050E+01    -6.156E+00    -2.167E+00     0.000E+00
     30    8      -1.029E+01    -5.808E+00    -2.147E+00     0.000E+00
     30   11      -1.093E+01    -5.516E+00    -1.426E+00     0.000E+00
     30   13      -1.038E+01    -5.211E+00    -1.878E+00     0.000E+00
     30   14      -1.086E+01    -4.351E+00    -2.604E+00     0.000E+00
     30   16      -9.803E+00    -5.231E+00    -1.553E+00     0.000E+00
     30   19      -1.171E+01    -5.022E+00    -2.574E+00     0.000E+00
     30   20      -9.882E+00    -3.989E+00    -1.280E+00     0.000E+00
     30   23      -1.063E+01    -8.818E-01    -4.051E+00     0.000E+00
     30   26      -9.651E+00    -2.067E+00    -1.701E+00     0.000E+00
     30   27      -1.039E+01    -6.086E+00     1.530E+00     0.000E+00
     30   29      -1.117E+01    -1.437E+01     7.801E+00     0.000E+00
     30   30      -8.162E+00    -1.384E+00     7.747E-01     0.000E+00
     34    2      -1.226E+01    -7.393E+00    -9.021E-01     0.000E+00
     34    4      -1.182E+01    -6.756E+00    -1.120E+00     0.000E+00
     34    6      -1.153E+01    -5.994E+00    -1.510E+00     0.000E+00
     34    8      -1.122E+01    -5.401E+00    -1.785E+00     0.000E+00
     34   11      -1.253E+01    -4.333E+00    -2.292E+00     0.000E+00
     34   13      -1.194E+01    -4.329E+00    -2.181E+00     0.000E+00
     34   14      -1.083E+01    -5.182E+00    -1.585E+00     0.000E+00
     34   16      -1.138E+01    -4.249E+00    -1.973E+00     0.000E+00
     34   19      -1.013E+01    -5.574E+00    -6.034E-01     0.000E+00
     34   20      -1.081E+01    -3.907E+00    -1.814E+00     0.000E+00
     34   23      -1.293E+01    -7.146E+00    -3.555E-01     0.000E+00
     34   26      -1.240E+01    -6.594E+00    -1.054E-01     0.000E+00
     34   27      -1.006E+01    -2.734E+00    -2.071E+00     0.000E+00
     34   29      -1.006E+01    -2.872E+00    -1.745E+00     0.000E+00
     34   30      -1.193E+01    -6.193E+00     1.710E+00     0.000E+00
     34   34      -8.195E+00    -1.037E+00     2.699E-01     0.000E+00
     35    2      -1.174E+01    -6.156E+00    -3.171E+00     0.000E+00
     35    4      -1.127E+01    -6.150E+00    -2.715E+00     0.000E+00
     35    6      -1.086E+01    -6.507E+00    -1.813E+00     0.000E+00
     35    8      -1.050E+01    -6.477E+00    -1.529E+00     0.000E+00
     35   11      -1.148E+01    -4.880E+00    -2.538E+00     0.000E+00
     35   13      -1.087E+01    -4.796E+00    -2.683E+00     0.000E+00
     35   14      -1.037E+01    -6.129E+00    -1.327E+00     0.000E+00
     35   16      -1.037E+01    -4.742E+00    -2.364E+00     0.000E+00
     35   19      -1.123E+01    -3.871E+00    -2.215E+00     0.000E+00
     35   20      -9.793E+00    -4.999E+00    -1.531E+00     0.000E+00
     35   23      -1.148E+01    -2.302E-01    -6.043E+00     0.000E+00
     35   26      -1.067E+01    -6.705E-01    -5.213E+00     0.000E+00
     35   27      -9.962E+00    -3.274E+00    -1.420E+00     0.000E+00
     35   29      -1.133E+01    -9.611E+00     3.465E+00     0.000E+00
     35   30      -9.828E+00    -1.050E+00    -3.905E+00     0.000E+00
     35   34      -1.111E+01    -6.284E+00     5.306E+00     0.000E+00
     35   35      -8.194E+00    -1.140E+00     4.504E-01     0.000E+00
     38    2      -1.123E+01    -8.770E+00    -8.592E-01     0.000E+00
     38    4      -1.105E+01    -7.776E+00    -1.559E+00     0.000E+00
     38    6      -1.150E+01    -5.126E+00    -3.724E+00     0.000E+00
     38    8      -1.209E+01    -3.116E+00    -5.345E+00     0.000E+00
     38   11      -1.051E+01    -8.657E+00    -9.684E-01     0.000E+00
     38   13      -1.064E+01    -6.297E+00    -2.979E+00     0.000E+00
     38   14      -1.265E+01    -3.372E+00    -5.165E+00     0.000E+00
     38   16      -1.124E+01    -3.732E+00    -4.622E+00     0.000E+00
     38   19      -1.252E+01    -9.380E+00    -1.325E-01     0.000E+00
     38   20      -1.177E+01    -3.090E+00    -4.919E+00     0.000E+00
     38   23      -1.012E+01    -4.195E+00    -2.829E+00     0.000E+00
     38   26      -1.047E+01    -2.475E+00    -4.576E+00     0.000E+00
     38   27      -1.202E+01    -6.664E+00    -1.523E+00     0.000E+00
     38   29      -1.238E+01    -1.411E+01     3.333E+00     0.000E+00
     38   30      -1.101E+01    -2.674E+00    -4.391E+00     0.000E+00
     38   34      -1.262E+01    -1.075E+01     2.452E+00     0.000E+00
     38   35      -1.156E+01    -4.028E+00    -6.847E-01     0.000E+00
     38   38      -8.669E+00     2.354E+00    -4.945E+00     0.000E+00
     41    2      -1.268E+01    -7.270E+00    -1.773E+00     0.000E+00
     41    4      -1.223E+01    -7.256E+00    -1.511E+00     0.000E+00
     41    6      -1.188E+01    -7.175E+00    -1.318E+00     0.000E+00
     41    8      -1.158E+01    -6.802E+00    -1.317E+00     0.000E+00
     41   11      -1.267E+01    -1.136E+01     1.752E+00     0.000E+00
     41   13      -1.241E+01    -1.004E+01     7.065E-01     0.000E+00
     41   14      -1.112E+01    -6.649E+00    -1.116E+00     0.000E+00
     41   16      -1.227E+01    -8.717E+00    -1.763E-01     0.000E+00
     41   19      -1.058E+01    -5.905E+00    -9.813E-01     0.000E+00
     41   20      -1.210E+01    -7.656E+00    -7.379E-01     0.000E+00
     41   23      -1.268E+01    -1.704E+01     6.663E+00     0.000E+00
     41   26      -1.228E+01    -1.636E+01     6.748E+00     0.000E+00
     41   27      -1.162E+01    -7.746E+00     2.858E-01     0.000E+00
     41   29      -1.001E+01    -3.983E+00    -1.123E+00     0.000E+00
     41   30      -1.221E+01    -1.477E+01     6.523E+00     0.000E+00
     41   34      -1.142E+01    -4.860E+00     4.781E-01     0.000E+00
     41   35      -1.200E+01    -1.422E+01     8.069E+00     0.000E+00
     41   38      -1.335E+01    -2.075E+01     8.368E+00     0.000E+00
     41   41      -8.367E+00     2.542E-01    -1.702E+00     0.000E+00
     42    2      -1.138E+01    -1.009E+01     1.473E+00     0.000E+00
     42    4      -1.111E+01    -9.407E+00     1.171E+00     0.000E+00
     42    6      -1.101E+01    -8.177E+00     1.259E-01     0.000E+00
     42    8      -1.135E+01    -5.948E+00    -1.838E+00     0.000E+00
     42   11      -1.087E+01    -9.360E+00     1.258E+00     0.000E+00
     42   13      -1.051E+01    -8.579E+00     3.801E-01     0.000E+00
     42   14      -1.213E+01    -4.215E+00    -2.753E+00     0.000E+00
     42   16      -1.049E+01    -7.138E+00    -4.872E-01     0.000E+00
     42   19      -1.276E+01    -6.382E+00    -5.201E-01     0.000E+00
     42   20      -1.107E+01    -4.731E+00    -1.880E+00     0.000E+00
     42   23      -1.080E+01    -5.294E+00     2.057E-02     0.000E+00
     42   26      -9.864E+00    -5.889E+00    -8.665E-01     0.000E+00
     42   27      -1.175E+01    -5.012E+00    -1.213E+00     0.000E+00
     42   29      -1.234E+01    -1.300E+01     4.760E+00     0.000E+00
     42   30      -1.015E+01    -4.388E+00    -9.837E-01     0.000E+00
     42   34      -1.221E+01    -1.113E+01     6.084E+00     0.000E+00
     42   35      -1.075E+01    -5.318E+00     6.638E-01     0.000E+00
     42   38      -9.784E+00    -1.781E+00    -5.308E-01     0.000E+00
     42   41      -1.219E+01    -2.081E+01     1.185E+01     0.000E+00
     42   42      -8.166E+00    -1.334E+00     7.058E-01     0.000E+00
     43    2      -1.253E+01    -5.007E+00    -5.253E+00     0.000E+00
     43    4      -1.201E+01    -5.193E+00    -4.569E+00     0.000E+00
     43    6      -1.155E+01    -5.816E+00    -3.469E+00     0.000E+00
     43    8      -1.122E+01    -6.143E+00    -2.643E+00     0.000E+00
     43   11      -1.232E+01    -4.217E+00    -4.135E+00     0.000E+00
     43   13      -1.174E+01    -3.919E+00    -4.514E+00     0.000E+00
     43   14      -1.113E+01    -5.663E+00    -2.596E+00     0.000E+00
     43   16      -1.128E+01    -3.597E+00    -4.685E+00     0.000E+00
     43   19      -1.126E+01    -4.130E+00    -3.325E+00     0.000E+00
     43   20      -1.077E+01    -3.778E+00    -3.977E+00     0.000E+00
     43   23      -1.262E+01     8.265E-02    -6.849E+00     0.000E+00
     43   26      -1.185E+01    -9.598E-02    -6.718E+00     0.000E+00
     43   27      -1.017E+01    -4.199E+00    -2.943E+00     0.000E+00
     43   29      -1.194E+01    -1.127E+00    -5.112E+00     0.000E+00
     43   30      -1.108E+01    -2.961E-01    -6.225E+00     0.000E+00
     43   34      -1.048E+01    -5.512E-01    -4.599E+00     0.000E+00
     43   35      -1.030E+01     3.130E-01    -6.129E+00     0.000E+00
     43   38      -1.337E+01    -4.062E+00    -4.054E-01     0.000E+00
     43   41      -1.229E+01    -5.446E+00    -7.307E-01     0.000E+00
     43   42      -1.289E+01    -1.801E+00    -1.558E+00     0.000E+00
     43   43      -8.641E+00     2.229E+00    -4.807E+00     0.000E+00
     45    2      -1.279E+01    -7.383E+00    -1.168E+00     0.000E+00
     45    4      -1.229E+01    -7.382E+00    -8.604E-01     0.000E+00
     45    6      -1.194E+01    -7.112E+00    -9.033E-01     0.000E+00
     45    8      -1.167E+01    -6.626E+00    -1.136E+00     0.000E+00
     45   11      -1.292E+01    -7.815E+00     6.239E-01     0.000E+00
     45   13      -1.245E+01    -7.439E+00     3.654E-01     0.000E+00
     45   14      -1.124E+01    -6.676E+00    -9.294E-01     0.000E+00
     45   16      -1.209E+01    -6.751E+00    -1.269E-01     0.000E+00
     45   19      -1.088E+01    -6.018E+00    -1.074E+00     0.000E+00
     45   20      -1.175E+01    -5.724E+00    -7.955E-01     0.000E+00
     45   23      -1.305E+01    -1.019E+01     2.205E+00     0.000E+00
     45   26      -1.258E+01    -9.268E+00     1.538E+00     0.000E+00
     45   27      -1.102E+01    -5.448E+00    -5.579E-01     0.000E+00
     45   29      -1.005E+01    -5.768E+00    -6.853E-01     0.000E+00
     45   30      -1.222E+01    -7.992E+00     6.434E-01     0.000E+00
     45   34      -1.015E+01    -3.544E+00    -1.066E+00     0.000E+00
     45   35      -1.195E+01    -6.666E+00     3.707E-01     0.000E+00
     45   38      -1.347E+01    -1.521E+01     6.787E+00     0.000E+00
     45   41      -1.027E+01    -1.854E+00    -2.235E+00     0.000E+00
     45   42      -1.282E+01    -1.459E+01     7.120E+00     0.000E+00
     45   43      -1.133E+01    -5.037E+00     1.644E+00     0.000E+00
     45   45      -8.167E+00    -1.195E+00     3.220E-01     0.000E+00
     46    2      -1.224E+01    -7.352E+00    -1.791E+00     0.000E+00
     46    4      -1.184E+01    -6.896E+00    -2.027E+00     0.000E+00
     46    6      -1.159E+01    -6.301E+00    -2.463E+00     0.000E+00
     46    8      -1.128E+01    -5.890E+00    -2.959E+00     0.000E+00
     46   11      -1.183E+01    -6.379E+00    -2.158E+00     0.000E+00
     46   13      -1.138E+01    -5.857E+00    -2.662E+00     0.000E+00
     46   14      -1.168E+01    -4.120E+00    -4.181E+00     0.000E+00
     46   16      -1.091E+01    -5.708E+00    -2.614E+00     0.000E+00
     46   19      -1.275E+01    -2.570E+00    -4.426E+00     0.000E+00
     46   20      -1.068E+01    -4.866E+00    -3.261E+00     0.000E+00
     46   23      -1.196E+01    -1.723E+00    -4.330E+00     0.000E+00
     46   26      -1.108E+01    -3.206E+00    -3.411E+00     0.000E+00
     46   27      -1.150E+01    -2.077E+00    -4.602E+00     0.000E+00
     46   29      -1.288E+01    -7.337E+00    -1.897E-01     0.000E+00
     46   30      -1.003E+01    -4.525E+00    -3.158E+00     0.000E+00
     46   34      -1.265E+01    -3.024E+00    -3.065E+00     0.000E+00
     46   35      -1.037E+01    -1.414E+00    -4.250E+00     0.000E+00
     46   38      -1.134E+01     1.051E+00    -6.235E+00     0.000E+00
     46   41      -1.288E+01    -1.410E+01     5.278E+00     0.000E+00
     46   42      -1.020E+01     1.049E+00    -5.554E+00     0.000E+00
     46   43      -1.163E+01    -1.449E+00    -2.588E+00     0.000E+00
     46   45      -1.277E+01    -9.608E+00     4.619E+00     0.000E+00
     46   46      -8.679E+00     2.431E+00    -5.063E+00     0.000E+00
     52    2      -1.234E+01    -8.447E+00    -4.355E-01     0.000E+00
     52    4      -1.189E+01    -8.472E+00    -1.579E-01     0.000E+00
     52    6      -1.155E+01    -8.427E+00    -1.350E-01     0.000E+00
     52    8      -1.132E+01    -8.402E+00     1.965E-01     0.000E+00
     52   11      -1.211E+01    -7.140E+00    -8.394E-01     0.000E+00
     52   13      -1.151E+01    -7.326E+00    -7.237E-01     0.000E+00
     52   14      -1.130E+01    -7.644E+00    -2.659E-01     0.000E+00
     52   16      -1.105E+01    -7.540E+00    -3.355E-01     0.000E+00
     52   19      -1.194E+01    -5.945E+00    -8.661E-01     0.000E+00
     52   20      -1.057E+01    -8.177E+00     5.740E-01     0.000E+00
     52   23      -1.226E+01    -3.278E+00    -2.545E+00     0.000E+00
     52   26      -1.143E+01    -4.249E+00    -1.949E+00     0.000E+00
     52   27      -1.073E+01    -6.134E+00    -8.346E-01     0.000E+00
     52   29      -1.277E+01    -5.383E+00     1.736E-01     0.000E+00
     52   30      -1.058E+01    -5.870E+00    -5.673E-01     0.000E+00
     52   34      -1.162E+01    -3.636E+00    -1.269E+00     0.000E+00
     52   35      -9.748E+00    -5.885E+00    -8.452E-01     0.000E+00
     52   38      -1.223E+01    -3.356E-01    -5.136E+00     0.000E+00
     52   41      -1.260E+01    -1.099E+01     5.033E+00     0.000E+00
     52   42      -1.118E+01    -5.504E-01    -4.693E+00     0.000E+00
     52   43      -1.015E+01    -2.870E+00    -1.165E+00     0.000E+00
     52   45      -1.212E+01    -8.571E+00     4.881E+00     0.000E+00
     52   46      -1.004E+01    -7.772E-01    -3.616E+00     0.000E+00
     52   52      -8.152E+00    -1.388E+00     7.812E-01     0.000E+00
