   1  E    0   0      9.1112744
   2  E    1  -1      5.4887374
   3  E    1   0     10.7112745
   4  E    1   1     16.2337882
   5  E    2  -1      8.6886177
   6  E    2   0     13.9110133
   7  E    2   1     19.4338334
   8  E    2   2     20.3110942
   9  E    2  -2     22.8211465
  10  E    3  -1     13.4881561
  11  E    3   0     18.7099681
  12  E    3   1     24.2339583
  13  E    3   2     25.1116973
  14  E    3  -2     27.6216445
  15  E    3   3     42.8330972
  16  E    3  -3     53.2874654
  17  E    4  -1     19.8870143
  18  E    4   0     25.1073561
  19  E    4   1     30.6342309
  20  E    4   2     31.5130026
  21  E    4  -2     34.0227955
  22  E    4   3     49.2335556
  23  E    4  -3     59.6876399
  24  E    4  -4     77.3170379
  25  E    4   4     82.9036971
  26  E    5  -1     27.8847415
  27  E    5   0     33.1021369
  28  E    5   1     38.6347426
  29  E    5   2     39.5154336
  30  E    5  -2     42.0250189
  31  E    5   3     57.2344419
  32  E    5  -3     67.6878634
  33  E    5  -4     85.3172419
  34  E    5   4     90.9039429
  35  E    5  -5    110.4615233
  36  E    5   5    118.9359921
  37  E    6  -1     37.4807749
  38  E    6   0     42.6930195
  39  E    6   1     48.2356070
  40  E    6   2     49.1195067
  41  E    6  -2     51.6288419
  42  E    6   3     66.8359649
  43  E    6  -3     77.2881397
  44  E    6  -4     94.9174804
  45  E    6   4    100.5042709
  46  E    6  -5    120.0619380
  47  E    6   5    128.5361834
  48  E    6   6    158.3042888
  49  E    6  -6    165.3491515
  50  E    7  -1     48.6744407
  51  E    7   0     53.8784743
  52  E    7   1     59.4369594
  53  E    7   2     60.3258132
  54  E    7  -2     62.8349055
  55  E    7   3     78.0383751
  56  E    7  -3     88.4884733
  57  E    7  -4    106.1177501
  58  E    7   4    111.7046992
  59  E    7  -5    131.2625567
  60  E    7   5    139.7363493
  61  E    7   6    169.5046499
  62  E    7  -6    176.5495607
  63  E    7   7    219.0021376
  64  E    7  -7    226.4112409
  65  E    8  -1     61.4649560
  66  E    8   0     66.6567535
  67  E    8   1     72.2389558
  68  E    8   2     73.1349912
  69  E    8  -2     75.6439715
  70  E    8   3     90.8419645
  71  E    8  -3    101.2888692
  72  E    8  -4    118.9180470
  73  E    8   4    124.5052487
  74  E    8  -5    144.0634415
  75  E    8   5    152.5364633
  76  E    8   6    182.3051048
  77  E    8  -6    189.3501208
  78  E    8   7    231.8026120
  79  E    8  -7    239.2114822
  80  E    8  -8    281.9375832
  81  E    8   8    291.5137888
  82  E    9  -1     75.8514309
  83  E    9   0     81.0259225
  84  E    9   1     86.6417697
  85  E    9   2     87.5476818
  86  E    9  -2     90.0569355
  87  E    9   3    105.2470665
  88  E    9  -3    115.6893336
  89  E    9  -4    133.3183667
  90  E    9   4    138.9059435
  91  E    9  -5    158.4646636
  92  E    9   5    166.9364953
  93  E    9   6    196.7056704
  94  E    9  -6    203.7508685
  95  E    9   7    246.2032463
  96  E    9  -7    253.6116691
  97  E    9  -8    296.3377943
  98  E    9   8    305.9140960
  99  E    9  -9    353.0161706
 100  E    9   9    357.4099562
 101  E   10  -1     91.8328728
 102  E   10   0     96.9839023
 103  E   10   1    102.6455891
 104  E   10   2    103.5644705
 105  E   10  -2    106.0748433
 106  E   10   3    121.2540554
 107  E   10  -3    131.6898735
 108  E   10  -4    149.3187044
 109  E   10   4    154.9068106
 110  E   10  -5    174.4663030
 111  E   10   5    182.9364114
 112  E   10   6    212.7063657
 113  E   10  -6    219.7518453
 114  E   10   7    262.2040759
 115  E   10  -7    269.6117716
 116  E   10  -8    312.3378866
 117  E   10   8    321.9143716
 118  E   10  -9    369.0166230
 119  E   10   9    373.4100961
 120  E   10  10    433.8483636
 121  E   10 -10    443.9747639
 122  E   11  -1    109.4081913
 123  E   11   0    114.5285246
 124  E   11   1    120.2506104
 125  E   11   2    121.1858112
 126  E   11  -2    123.6989116
 127  E   11   3    138.8633461
 128  E   11  -3    149.2904966
 129  E   11  -4    166.9190546
 130  E   11   4    172.5078800
 131  E   11  -5    192.0684486
 132  E   11   5    200.5361739
 133  E   11   6    230.3072120
 134  E   11  -6    237.3530974
 135  E   11   7    279.8051403
 136  E   11  -7    287.2117566
 137  E   11  -8    329.9378152
 138  E   11   8    339.5145947
 139  E   11  -9    386.6171243
 140  E   11   9    391.0100330
 141  E   11  10    451.4486668
 142  E   11 -10    461.5752412
 143  E   11  11    531.8773536
 144  E   11 -11    534.1381845
 145  E   12  -1    128.5762057
 146  E   12   0    133.6575968
 147  E   12   1    139.4570318
 148  E   12   2    140.4119387
 149  E   12  -2    142.9305515
 150  E   12   3    158.0753936
 151  E   12  -3    168.4912120
 152  E   12  -4    186.1194118
 153  E   12   4    191.7091847
 154  E   12  -5    211.2711981
 155  E   12   5    219.7357414
 156  E   12   6    249.5082324
 157  E   12  -6    256.5546754
 158  E   12   7    299.0064829
 159  E   12  -7    306.4115875
 160  E   12  -8    349.1375308
 161  E   12   8    358.7147425
 162  E   12  -9    405.8176755
 163  E   12   9    410.2097048
 164  E   12  10    470.6488646
 165  E   12 -10    480.7757547
 166  E   12  11    551.0778871
 167  E   12 -11    553.3382766
 168  E   12 -12    623.6042988
 169  E   12  12    634.6638860
 170  E   13  -1    149.3356537
 171  E   13   0    154.3689735
 172  E   13   1    160.2650435
 173  E   13   2    161.2427765
 174  E   13  -2    163.7713897
 175  E   13   3    178.8906920
 176  E   13  -3    189.2920300
 177  E   13  -4    206.9197701
 178  E   13   4    212.5107606
 179  E   13  -5    232.0746582
 180  E   13   5    240.5350688
 181  E   13   6    270.3094525
 182  E   13  -6    277.3566345
 183  E   13   7    319.8081508
 184  E   13  -7    327.2112244
 185  E   13  -8    369.9369794
 186  E   13   8    379.5147900
 187  E   13  -9    426.6182778
 188  E   13   9    431.0090439
 189  E   13  10    491.4489224
 190  E   13 -10    501.5763022
 191  E   13  11    571.8784626
 192  E   13 -11    574.1380887
 193  E   13 -12    644.4039673
 194  E   13  12    655.4640294
 195  E   13  13    732.7843429
 196  E   13 -13    733.0044623
 197  E   14  -1    171.6852025
 198  E   14   0    176.6606289
 199  E   14   1    182.6748174
 200  E   14   2    183.6778536
 201  E   14  -2    186.2232803
 202  E   14   3    201.3097736
 203  E   14  -3    211.6929623
 204  E   14  -4    229.3201233
 205  E   14   4    234.9126467
 206  E   14  -5    254.4789445
 207  E   14   5    262.9341075
 208  E   14   6    292.7108998
 209  E   14  -6    299.7590344
 210  E   14   7    342.2101952
 211  E   14  -7    349.6106241
 212  E   14  -8    392.3361029
 213  E   14   8    401.9147098
 214  E   14  -9    449.0189325
 215  E   14   9    453.4079770
 216  E   14  10    513.8488025
 217  E   14 -10    523.9768819
 218  E   14  11    594.2790793
 219  E   14 -11    596.5375518
 220  E   14 -12    666.8030183
 221  E   14  12    677.8639102
 222  E   14  13    755.1836160
 223  E   14 -13    755.4046414
 224  E   14  14    848.0375298
 225  E   14 -14    857.9024354
 226  E   15  -1    195.6234622
 227  E   15   0    200.5307211
 228  E   15   1    206.6864935
 229  E   15   2    207.7162478
 230  E   15  -2    210.2882968
 231  E   15   3    225.3332073
 232  E   15  -3    235.6940225
 233  E   15  -4    253.3204657
 234  E   15   4    258.9148847
 235  E   15  -5    278.4841812
 236  E   15   5    286.9328053
 237  E   15   6    316.7126042
 238  E   15  -6    323.7619394
 239  E   15   7    366.2126712
 240  E   15  -7    373.6097400
 241  E   15  -8    416.3348385
 242  E   15   8    425.9144727
 243  E   15  -9    473.0196409
 244  E   15   9    477.4064251
 245  E   15  10    537.8484646
 246  E   15 -10    547.9774915
 247  E   15  11    618.2797367
 248  E   15 -11    620.5365915
 249  E   15 -12    690.8013203
 250  E   15  12    701.8634676
 251  E   15  13    779.1819909
 252  E   15 -13    779.4045458
 253  E   15  14    872.0359790
 254  E   15 -14    881.9027752
 255  E   15 -15    977.3310153
 256  E   15  15    984.6436721
