            5.0      10.0      20.0      30.0      40.0      50.0      60.0      70.0      80.0      90.0     100.0     200.0     300.0     500.0     700.0    1000.0    1500.0    2000.0    2500.0    3000.0
2	1	1.78E-10	1.93E-10	2.02E-10	2.09E-10	2.15E-10	2.20E-10	2.25E-10	2.28E-10	2.32E-10	2.34E-10	2.37E-10	2.47E-10	2.48E-10	2.44E-10	2.38E-10	2.31E-10	2.18E-10	2.05E-10	1.91E-10	1.77E-10
3	1	9.74E-11	9.31E-11	8.25E-11	7.69E-11	7.41E-11	7.26E-11	7.18E-11	7.15E-11	7.13E-11	7.11E-11	7.19E-11	7.59E-11	8.14E-11	9.54E-11	1.10E-10	1.29E-10	1.51E-10	1.62E-10	1.64E-10	1.61E-10
3	2	3.41E-10	3.42E-10	3.23E-10	3.14E-10	3.11E-10	3.11E-10	3.12E-10	3.13E-10	3.14E-10	3.14E-10	3.18E-10	3.29E-10	3.32E-10	3.30E-10	3.26E-10	3.20E-10	3.07E-10	2.91E-10	2.73E-10	2.55E-10
4	1	3.98E-11	3.33E-11	2.42E-11	1.97E-11	1.74E-11	1.60E-11	1.53E-11	1.48E-11	1.46E-11	1.45E-11	1.47E-11	1.67E-11	1.86E-11	2.11E-11	2.24E-11	2.30E-11	2.16E-11	1.92E-11	1.69E-11	1.48E-11
4	2	1.86E-10	1.73E-10	1.48E-10	1.36E-10	1.30E-10	1.26E-10	1.24E-10	1.23E-10	1.22E-10	1.22E-10	1.23E-10	1.31E-10	1.43E-10	1.69E-10	1.93E-10	2.22E-10	2.52E-10	2.65E-10	2.65E-10	2.59E-10
4	3	3.58E-10	3.77E-10	3.70E-10	3.62E-10	3.57E-10	3.55E-10	3.54E-10	3.53E-10	3.53E-10	3.52E-10	3.52E-10	3.57E-10	3.57E-10	3.54E-10	3.49E-10	3.41E-10	3.28E-10	3.12E-10	2.94E-10	2.75E-10
5	1	3.92E-11	3.48E-11	2.83E-11	2.49E-11	2.30E-11	2.18E-11	2.10E-11	2.04E-11	2.00E-11	1.97E-11	2.07E-11	2.19E-11	2.42E-11	2.81E-11	3.06E-11	3.26E-11	3.38E-11	3.34E-11	3.22E-11	3.05E-11
5	2	9.58E-11	8.46E-11	6.56E-11	5.48E-11	4.82E-11	4.41E-11	4.14E-11	3.95E-11	3.81E-11	3.71E-11	3.81E-11	3.81E-11	3.91E-11	4.06E-11	4.16E-11	4.31E-11	4.52E-11	4.59E-11	4.53E-11	4.38E-11
5	3	1.68E-10	1.66E-10	1.52E-10	1.44E-10	1.40E-10	1.38E-10	1.37E-10	1.37E-10	1.36E-10	1.36E-10	1.40E-10	1.51E-10	1.65E-10	1.93E-10	2.18E-10	2.49E-10	2.81E-10	2.95E-10	2.95E-10	2.88E-10
5	4	2.94E-10	3.28E-10	3.47E-10	3.51E-10	3.53E-10	3.55E-10	3.56E-10	3.57E-10	3.58E-10	3.57E-10	3.60E-10	3.66E-10	3.67E-10	3.63E-10	3.57E-10	3.49E-10	3.36E-10	3.20E-10	3.02E-10	2.82E-10
6	1	2.30E-11	2.11E-11	1.75E-11	1.50E-11	1.34E-11	1.22E-11	1.14E-11	1.07E-11	1.02E-11	9.83E-12	9.62E-12	8.38E-12	7.84E-12	7.05E-12	6.60E-12	6.42E-12	6.76E-12	7.15E-12	7.32E-12	7.29E-12
6	2	6.63E-11	6.23E-11	5.43E-11	4.93E-11	4.62E-11	4.41E-11	4.26E-11	4.15E-11	4.06E-11	3.98E-11	4.01E-11	4.19E-11	4.62E-11	5.28E-11	5.66E-11	5.95E-11	6.09E-11	6.02E-11	5.81E-11	5.52E-11
6	3	8.35E-11	7.96E-11	6.88E-11	6.10E-11	5.58E-11	5.24E-11	4.99E-11	4.82E-11	4.69E-11	4.58E-11	4.57E-11	4.51E-11	4.58E-11	4.69E-11	4.79E-11	4.97E-11	5.22E-11	5.32E-11	5.26E-11	5.09E-11
6	4	1.26E-10	1.31E-10	1.30E-10	1.29E-10	1.29E-10	1.30E-10	1.31E-10	1.32E-10	1.33E-10	1.34E-10	1.38E-10	1.54E-10	1.70E-10	2.01E-10	2.29E-10	2.62E-10	2.96E-10	3.11E-10	3.11E-10	3.03E-10
6	5	2.55E-10	2.86E-10	3.15E-10	3.28E-10	3.35E-10	3.41E-10	3.44E-10	3.47E-10	3.48E-10	3.49E-10	3.54E-10	3.64E-10	3.66E-10	3.63E-10	3.59E-10	3.52E-10	3.39E-10	3.23E-10	3.05E-10	2.85E-10
7	1	1.26E-11	1.19E-11	1.07E-11	9.91E-12	9.36E-12	8.96E-12	8.65E-12	8.40E-12	8.18E-12	7.98E-12	8.04E-12	8.10E-12	8.57E-12	9.13E-12	9.27E-12	9.24E-12	9.14E-12	8.99E-12	8.73E-12	8.37E-12
7	2	3.28E-11	3.16E-11	2.85E-11	2.60E-11	2.42E-11	2.28E-11	2.17E-11	2.08E-11	2.01E-11	1.94E-11	1.93E-11	1.70E-11	1.57E-11	1.38E-11	1.28E-11	1.25E-11	1.32E-11	1.40E-11	1.44E-11	1.43E-11
7	3	5.67E-11	5.65E-11	5.39E-11	5.16E-11	4.99E-11	4.87E-11	4.79E-11	4.72E-11	4.65E-11	4.59E-11	4.69E-11	5.02E-11	5.53E-11	6.32E-11	6.68E-11	6.69E-11	6.04E-11	5.23E-11	4.50E-11	3.89E-11
7	4	6.76E-11	6.76E-11	6.38E-11	5.97E-11	5.66E-11	5.43E-11	5.25E-11	5.11E-11	4.99E-11	4.89E-11	4.96E-11	4.88E-11	4.91E-11	4.98E-11	5.07E-11	5.26E-11	5.55E-11	5.67E-11	5.61E-11	5.44E-11
7	5	9.83E-11	1.04E-10	1.09E-10	1.13E-10	1.16E-10	1.19E-10	1.21E-10	1.24E-10	1.25E-10	1.27E-10	1.32E-10	1.54E-10	1.72E-10	2.05E-10	2.29E-10	2.44E-10	2.35E-10	2.10E-10	1.84E-10	1.61E-10
7	6	2.29E-10	2.52E-10	2.83E-10	3.01E-10	3.12E-10	3.20E-10	3.26E-10	3.30E-10	3.32E-10	3.33E-10	3.42E-10	3.57E-10	3.61E-10	3.61E-10	3.57E-10	3.51E-10	3.40E-10	3.24E-10	3.06E-10	2.86E-10
8	1	5.62E-12	5.36E-12	5.03E-12	4.76E-12	4.54E-12	4.37E-12	4.22E-12	4.09E-12	3.97E-12	3.86E-12	3.84E-12	3.31E-12	2.96E-12	2.51E-12	2.31E-12	2.24E-12	2.38E-12	2.56E-12	2.65E-12	2.67E-12
8	2	1.87E-11	1.82E-11	1.77E-11	1.72E-11	1.68E-11	1.65E-11	1.62E-11	1.59E-11	1.56E-11	1.54E-11	1.57E-11	1.62E-11	1.71E-11	1.83E-11	1.88E-11	1.90E-11	1.89E-11	1.86E-11	1.81E-11	1.73E-11
8	3	2.77E-11	2.78E-11	2.74E-11	2.65E-11	2.56E-11	2.48E-11	2.42E-11	2.35E-11	2.29E-11	2.24E-11	2.24E-11	2.02E-11	1.86E-11	1.63E-11	1.52E-11	1.50E-11	1.60E-11	1.72E-11	1.77E-11	1.77E-11
8	4	4.34E-11	4.51E-11	4.64E-11	4.67E-11	4.67E-11	4.67E-11	4.66E-11	4.65E-11	4.63E-11	4.59E-11	4.77E-11	5.33E-11	5.95E-11	6.85E-11	7.36E-11	7.75E-11	7.94E-11	7.84E-11	7.55E-11	7.17E-11
8	5	5.65E-11	5.77E-11	5.78E-11	5.66E-11	5.53E-11	5.41E-11	5.32E-11	5.23E-11	5.14E-11	5.05E-11	5.14E-11	5.08E-11	5.08E-11	5.12E-11	5.22E-11	5.43E-11	5.75E-11	5.88E-11	5.83E-11	5.65E-11
8	6	8.08E-11	8.55E-11	9.31E-11	9.86E-11	1.03E-10	1.08E-10	1.11E-10	1.15E-10	1.17E-10	1.18E-10	1.26E-10	1.52E-10	1.73E-10	2.08E-10	2.38E-10	2.74E-10	3.10E-10	3.25E-10	3.26E-10	3.17E-10
8	7	2.08E-10	2.24E-10	2.53E-10	2.73E-10	2.87E-10	2.97E-10	3.04E-10	3.09E-10	3.12E-10	3.13E-10	3.27E-10	3.47E-10	3.54E-10	3.56E-10	3.54E-10	3.50E-10	3.39E-10	3.24E-10	3.06E-10	2.87E-10
9	1	2.97E-12	2.97E-12	2.97E-12	2.97E-12	2.97E-12	2.97E-12	2.97E-12	2.97E-12	2.97E-12	2.97E-12	2.97E-12	3.04E-12	3.18E-12	3.47E-12	3.66E-12	3.79E-12	3.84E-12	3.79E-12	3.67E-12	3.50E-12
9	2	7.53E-12	7.53E-12	7.53E-12	7.53E-12	7.53E-12	7.53E-12	7.53E-12	7.53E-12	7.53E-12	7.53E-12	7.53E-12	6.56E-12	5.82E-12	4.94E-12	4.59E-12	4.57E-12	5.01E-12	5.43E-12	5.65E-12	5.69E-12
9	3	1.80E-11	1.80E-11	1.80E-11	1.80E-11	1.80E-11	1.80E-11	1.80E-11	1.80E-11	1.80E-11	1.80E-11	1.80E-11	1.92E-11	2.06E-11	2.22E-11	2.29E-11	2.33E-11	2.33E-11	2.30E-11	2.23E-11	2.14E-11
9	4	2.30E-11	2.30E-11	2.30E-11	2.30E-11	2.30E-11	2.30E-11	2.30E-11	2.30E-11	2.30E-11	2.30E-11	2.30E-11	2.13E-11	1.96E-11	1.73E-11	1.63E-11	1.62E-11	1.77E-11	1.90E-11	1.96E-11	1.96E-11
9	5	4.65E-11	4.65E-11	4.65E-11	4.65E-11	4.65E-11	4.65E-11	4.65E-11	4.65E-11	4.65E-11	4.65E-11	4.65E-11	5.44E-11	6.16E-11	7.13E-11	7.66E-11	8.07E-11	8.29E-11	8.18E-11	7.89E-11	7.49E-11
9	6	5.28E-11	5.28E-11	5.28E-11	5.28E-11	5.28E-11	5.28E-11	5.28E-11	5.28E-11	5.28E-11	5.28E-11	5.28E-11	5.24E-11	5.20E-11	5.21E-11	5.31E-11	5.54E-11	5.88E-11	6.02E-11	5.97E-11	5.79E-11
9	7	1.20E-10	1.20E-10	1.20E-10	1.20E-10	1.20E-10	1.20E-10	1.20E-10	1.20E-10	1.20E-10	1.20E-10	1.20E-10	1.49E-10	1.72E-10	2.10E-10	2.41E-10	2.77E-10	3.15E-10	3.30E-10	3.30E-10	3.21E-10
9	8	3.09E-10	3.09E-10	3.09E-10	3.09E-10	3.09E-10	3.09E-10	3.09E-10	3.09E-10	3.09E-10	3.09E-10	3.09E-10	3.35E-10	3.44E-10	3.49E-10	3.49E-10	3.46E-10	3.37E-10	3.23E-10	3.05E-10	2.86E-10
10	1	1.38E-12	1.38E-12	1.38E-12	1.38E-12	1.38E-12	1.38E-12	1.38E-12	1.38E-12	1.38E-12	1.38E-12	1.38E-12	1.18E-12	1.04E-12	8.83E-13	8.42E-13	8.86E-13	1.03E-12	1.15E-12	1.21E-12	1.22E-12
10	2	5.53E-12	5.53E-12	5.53E-12	5.53E-12	5.53E-12	5.53E-12	5.53E-12	5.53E-12	5.53E-12	5.53E-12	5.53E-12	5.87E-12	6.27E-12	6.99E-12	7.46E-12	7.83E-12	8.03E-12	7.97E-12	7.73E-12	7.39E-12
10	3	8.38E-12	8.38E-12	8.38E-12	8.38E-12	8.38E-12	8.38E-12	8.38E-12	8.38E-12	8.38E-12	8.38E-12	8.38E-12	7.46E-12	6.68E-12	5.77E-12	5.48E-12	5.64E-12	6.36E-12	6.97E-12	7.27E-12	7.32E-12
10	4	1.80E-11	1.80E-11	1.80E-11	1.80E-11	1.80E-11	1.80E-11	1.80E-11	1.80E-11	1.80E-11	1.80E-11	1.80E-11	2.02E-11	2.20E-11	2.39E-11	2.47E-11	2.52E-11	2.54E-11	2.51E-11	2.44E-11	2.34E-11
10	5	2.25E-11	2.25E-11	2.25E-11	2.25E-11	2.25E-11	2.25E-11	2.25E-11	2.25E-11	2.25E-11	2.25E-11	2.25E-11	2.14E-11	1.99E-11	1.77E-11	1.68E-11	1.70E-11	1.87E-11	2.03E-11	2.10E-11	2.10E-11
10	6	4.47E-11	4.47E-11	4.47E-11	4.47E-11	4.47E-11	4.47E-11	4.47E-11	4.47E-11	4.47E-11	4.47E-11	4.47E-11	5.48E-11	6.29E-11	7.32E-11	7.88E-11	8.31E-11	8.55E-11	8.45E-11	8.15E-11	7.74E-11
10	7	5.31E-11	5.31E-11	5.31E-11	5.31E-11	5.31E-11	5.31E-11	5.31E-11	5.31E-11	5.31E-11	5.31E-11	5.31E-11	5.30E-11	5.25E-11	5.24E-11	5.34E-11	5.58E-11	5.95E-11	6.12E-11	6.07E-11	5.89E-11
10	8	1.15E-10	1.15E-10	1.15E-10	1.15E-10	1.15E-10	1.15E-10	1.15E-10	1.15E-10	1.15E-10	1.15E-10	1.15E-10	1.48E-10	1.73E-10	2.12E-10	2.44E-10	2.80E-10	3.18E-10	3.33E-10	3.33E-10	3.24E-10
10	9	2.88E-10	2.88E-10	2.88E-10	2.88E-10	2.88E-10	2.88E-10	2.88E-10	2.88E-10	2.88E-10	2.88E-10	2.88E-10	3.20E-10	3.32E-10	3.35E-10	3.22E-10	2.88E-10	2.30E-10	1.85E-10	1.51E-10	1.26E-10
11	1	9.38E-13	9.38E-13	9.38E-13	9.38E-13	9.38E-13	9.38E-13	9.38E-13	9.38E-13	9.38E-13	9.38E-13	9.38E-13	1.04E-12	1.14E-12	1.33E-12	1.46E-12	1.56E-12	1.64E-12	1.64E-12	1.59E-12	1.52E-12
11	2	2.47E-12	2.47E-12	2.47E-12	2.47E-12	2.47E-12	2.47E-12	2.47E-12	2.47E-12	2.47E-12	2.47E-12	2.47E-12	2.17E-12	1.92E-12	1.69E-12	1.69E-12	1.89E-12	2.31E-12	2.61E-12	2.75E-12	2.78E-12
11	3	6.15E-12	6.15E-12	6.15E-12	6.15E-12	6.15E-12	6.15E-12	6.15E-12	6.15E-12	6.15E-12	6.15E-12	6.15E-12	6.82E-12	7.39E-12	8.34E-12	8.97E-12	9.50E-12	9.85E-12	9.84E-12	9.59E-12	9.19E-12
11	4	8.33E-12	8.33E-12	8.33E-12	8.33E-12	8.33E-12	8.33E-12	8.33E-12	8.33E-12	8.33E-12	8.33E-12	8.33E-12	7.65E-12	6.94E-12	6.15E-12	5.98E-12	6.30E-12	7.24E-12	7.98E-12	8.35E-12	8.41E-12
11	5	1.75E-11	1.75E-11	1.75E-11	1.75E-11	1.75E-11	1.75E-11	1.75E-11	1.75E-11	1.75E-11	1.75E-11	1.75E-11	2.06E-11	2.27E-11	2.49E-11	2.58E-11	2.64E-11	2.68E-11	2.67E-11	2.60E-11	2.50E-11
11	6	2.17E-11	2.17E-11	2.17E-11	2.17E-11	2.17E-11	2.17E-11	2.17E-11	2.17E-11	2.17E-11	2.17E-11	2.17E-11	2.12E-11	1.98E-11	1.78E-11	1.71E-11	1.75E-11	1.95E-11	2.12E-11	2.20E-11	2.20E-11
11	7	4.27E-11	4.27E-11	4.27E-11	4.27E-11	4.27E-11	4.27E-11	4.27E-11	4.27E-11	4.27E-11	4.27E-11	4.27E-11	5.49E-11	6.37E-11	7.47E-11	8.04E-11	8.49E-11	8.74E-11	8.64E-11	8.34E-11	7.92E-11
11	8	5.28E-11	5.28E-11	5.28E-11	5.28E-11	5.28E-11	5.28E-11	5.28E-11	5.28E-11	5.28E-11	5.28E-11	5.28E-11	5.33E-11	5.27E-11	5.24E-11	5.34E-11	5.60E-11	5.99E-11	6.16E-11	6.12E-11	5.94E-11
11	9	1.10E-10	1.10E-10	1.10E-10	1.10E-10	1.10E-10	1.10E-10	1.10E-10	1.10E-10	1.10E-10	1.10E-10	1.10E-10	1.46E-10	1.73E-10	2.14E-10	2.46E-10	2.83E-10	3.20E-10	3.35E-10	3.35E-10	3.26E-10
11	10	2.69E-10	2.69E-10	2.69E-10	2.69E-10	2.69E-10	2.69E-10	2.69E-10	2.69E-10	2.69E-10	2.69E-10	2.69E-10	3.06E-10	3.21E-10	3.32E-10	3.35E-10	3.36E-10	3.30E-10	3.17E-10	3.00E-10	2.82E-10
12	1	3.74E-13	3.74E-13	3.74E-13	3.74E-13	3.74E-13	3.74E-13	3.74E-13	3.74E-13	3.74E-13	3.74E-13	3.74E-13	3.27E-13	2.92E-13	2.83E-13	3.19E-13	4.02E-13	5.34E-13	6.18E-13	6.57E-13	6.65E-13
12	2	1.63E-12	1.63E-12	1.63E-12	1.63E-12	1.63E-12	1.63E-12	1.63E-12	1.63E-12	1.63E-12	1.63E-12	1.63E-12	1.88E-12	2.13E-12	2.54E-12	2.84E-12	3.11E-12	3.34E-12	3.39E-12	3.32E-12	3.20E-12
12	3	2.57E-12	2.57E-12	2.57E-12	2.57E-12	2.57E-12	2.57E-12	2.57E-12	2.57E-12	2.57E-12	2.57E-12	2.57E-12	2.32E-12	2.11E-12	1.98E-12	2.09E-12	2.45E-12	3.10E-12	3.54E-12	3.75E-12	3.79E-12
12	4	5.93E-12	5.93E-12	5.93E-12	5.93E-12	5.93E-12	5.93E-12	5.93E-12	5.93E-12	5.93E-12	5.93E-12	5.93E-12	6.91E-12	7.69E-12	8.90E-12	9.70E-12	1.04E-11	1.10E-11	1.11E-11	1.09E-11	1.05E-11
12	5	7.75E-12	7.75E-12	7.75E-12	7.75E-12	7.75E-12	7.75E-12	7.75E-12	7.75E-12	7.75E-12	7.75E-12	7.75E-12	7.35E-12	6.81E-12	6.23E-12	6.22E-12	6.71E-12	7.87E-12	8.74E-12	9.16E-12	9.23E-12
12	6	1.64E-11	1.64E-11	1.64E-11	1.64E-11	1.64E-11	1.64E-11	1.64E-11	1.64E-11	1.64E-11	1.64E-11	1.64E-11	2.03E-11	2.28E-11	2.54E-11	2.65E-11	2.72E-11	2.78E-11	2.77E-11	2.70E-11	2.60E-11
12	7	2.04E-11	2.04E-11	2.04E-11	2.04E-11	2.04E-11	2.04E-11	2.04E-11	2.04E-11	2.04E-11	2.04E-11	2.04E-11	2.04E-11	1.93E-11	1.76E-11	1.71E-11	1.77E-11	1.99E-11	2.17E-11	2.26E-11	2.26E-11
12	8	4.03E-11	4.03E-11	4.03E-11	4.03E-11	4.03E-11	4.03E-11	4.03E-11	4.03E-11	4.03E-11	4.03E-11	4.03E-11	5.43E-11	6.40E-11	7.55E-11	8.15E-11	8.61E-11	8.88E-11	8.79E-11	8.48E-11	8.06E-11
12	9	5.14E-11	5.14E-11	5.14E-11	5.14E-11	5.14E-11	5.14E-11	5.14E-11	5.14E-11	5.14E-11	5.14E-11	5.14E-11	5.26E-11	5.21E-11	5.20E-11	5.31E-11	5.58E-11	6.00E-11	6.19E-11	6.15E-11	5.97E-11
12	10	1.06E-10	1.06E-10	1.06E-10	1.06E-10	1.06E-10	1.06E-10	1.06E-10	1.06E-10	1.06E-10	1.06E-10	1.06E-10	1.45E-10	1.73E-10	2.15E-10	2.48E-10	2.85E-10	3.22E-10	3.37E-10	3.36E-10	3.27E-10
12	11	2.49E-10	2.49E-10	2.49E-10	2.49E-10	2.49E-10	2.49E-10	2.49E-10	2.49E-10	2.49E-10	2.49E-10	2.49E-10	2.89E-10	3.06E-10	3.21E-10	3.27E-10	3.29E-10	3.25E-10	3.14E-10	2.97E-10	2.79E-10
13	1	2.55E-13	2.55E-13	2.55E-13	2.55E-13	2.55E-13	2.55E-13	2.55E-13	2.55E-13	2.55E-13	2.55E-13	2.55E-13	3.06E-13	3.47E-13	4.23E-13	4.88E-13	5.62E-13	6.38E-13	6.71E-13	6.73E-13	6.56E-13
13	2	6.50E-13	6.50E-13	6.50E-13	6.50E-13	6.50E-13	6.50E-13	6.50E-13	6.50E-13	6.50E-13	6.50E-13	6.50E-13	5.85E-13	5.41E-13	5.82E-13	7.09E-13	9.43E-13	1.29E-12	1.51E-12	1.62E-12	1.64E-12
13	3	1.80E-12	1.80E-12	1.80E-12	1.80E-12	1.80E-12	1.80E-12	1.80E-12	1.80E-12	1.80E-12	1.80E-12	1.80E-12	2.17E-12	2.48E-12	3.04E-12	3.45E-12	3.89E-12	4.32E-12	4.49E-12	4.47E-12	4.34E-12
13	4	2.53E-12	2.53E-12	2.53E-12	2.53E-12	2.53E-12	2.53E-12	2.53E-12	2.53E-12	2.53E-12	2.53E-12	2.53E-12	2.37E-12	2.20E-12	2.14E-12	2.34E-12	2.84E-12	3.67E-12	4.22E-12	4.48E-12	4.53E-12
13	5	5.81E-12	5.81E-12	5.81E-12	5.81E-12	5.81E-12	5.81E-12	5.81E-12	5.81E-12	5.81E-12	5.81E-12	5.81E-12	7.06E-12	7.97E-12	9.34E-12	1.02E-11	1.11E-11	1.18E-11	1.20E-11	1.18E-11	1.13E-11
13	6	7.32E-12	7.32E-12	7.32E-12	7.32E-12	7.32E-12	7.32E-12	7.32E-12	7.32E-12	7.32E-12	7.32E-12	7.32E-12	7.19E-12	6.76E-12	6.32E-12	6.39E-12	6.99E-12	8.28E-12	9.23E-12	9.70E-12	9.78E-12
13	7	1.57E-11	1.57E-11	1.57E-11	1.57E-11	1.57E-11	1.57E-11	1.57E-11	1.57E-11	1.57E-11	1.57E-11	1.57E-11	2.03E-11	2.30E-11	2.58E-11	2.70E-11	2.78E-11	2.85E-11	2.85E-11	2.79E-11	2.68E-11
13	8	1.94E-11	1.94E-11	1.94E-11	1.94E-11	1.94E-11	1.94E-11	1.94E-11	1.94E-11	1.94E-11	1.94E-11	1.94E-11	1.98E-11	1.89E-11	1.74E-11	1.71E-11	1.79E-11	2.03E-11	2.22E-11	2.31E-11	2.31E-11
13	9	3.84E-11	3.84E-11	3.84E-11	3.84E-11	3.84E-11	3.84E-11	3.84E-11	3.84E-11	3.84E-11	3.84E-11	3.84E-11	5.39E-11	6.42E-11	7.61E-11	8.22E-11	8.70E-11	8.98E-11	8.89E-11	8.58E-11	8.14E-11
13	10	5.00E-11	5.00E-11	5.00E-11	5.00E-11	5.00E-11	5.00E-11	5.00E-11	5.00E-11	5.00E-11	5.00E-11	5.00E-11	5.19E-11	5.15E-11	5.13E-11	5.26E-11	5.55E-11	5.99E-11	6.19E-11	6.16E-11	5.98E-11
13	11	1.02E-10	1.02E-10	1.02E-10	1.02E-10	1.02E-10	1.02E-10	1.02E-10	1.02E-10	1.02E-10	1.02E-10	1.02E-10	1.44E-10	1.73E-10	2.16E-10	2.49E-10	2.86E-10	3.24E-10	3.38E-10	3.37E-10	3.27E-10
13	12	2.30E-10	2.30E-10	2.30E-10	2.30E-10	2.30E-10	2.30E-10	2.30E-10	2.30E-10	2.30E-10	2.30E-10	2.30E-10	2.72E-10	2.92E-10	3.10E-10	3.17E-10	3.22E-10	3.20E-10	3.09E-10	2.93E-10	2.75E-10
14	1	8.85E-14	8.85E-14	8.85E-14	8.85E-14	8.85E-14	8.85E-14	8.85E-14	8.85E-14	8.85E-14	8.85E-14	8.85E-14	8.24E-14	8.36E-14	1.15E-13	1.62E-13	2.34E-13	3.36E-13	4.00E-13	4.33E-13	4.43E-13
14	2	4.27E-13	4.27E-13	4.27E-13	4.27E-13	4.27E-13	4.27E-13	4.27E-13	4.27E-13	4.27E-13	4.27E-13	4.27E-13	5.31E-13	6.20E-13	8.04E-13	9.80E-13	1.21E-12	1.48E-12	1.62E-12	1.67E-12	1.66E-12
14	3	6.73E-13	6.73E-13	6.73E-13	6.73E-13	6.73E-13	6.73E-13	6.73E-13	6.73E-13	6.73E-13	6.73E-13	6.73E-13	6.29E-13	6.07E-13	7.14E-13	9.26E-13	1.29E-12	1.82E-12	2.15E-12	2.30E-12	2.34E-12
14	4	1.76E-12	1.76E-12	1.76E-12	1.76E-12	1.76E-12	1.76E-12	1.76E-12	1.76E-12	1.76E-12	1.76E-12	1.76E-12	2.24E-12	2.64E-12	3.32E-12	3.83E-12	4.37E-12	4.91E-12	5.13E-12	5.13E-12	4.99E-12
14	5	2.33E-12	2.33E-12	2.33E-12	2.33E-12	2.33E-12	2.33E-12	2.33E-12	2.33E-12	2.33E-12	2.33E-12	2.33E-12	2.27E-12	2.17E-12	2.21E-12	2.48E-12	3.06E-12	4.01E-12	4.64E-12	4.94E-12	5.01E-12
14	6	5.43E-12	5.43E-12	5.43E-12	5.43E-12	5.43E-12	5.43E-12	5.43E-12	5.43E-12	5.43E-12	5.43E-12	5.43E-12	6.98E-12	8.05E-12	9.59E-12	1.06E-11	1.15E-11	1.24E-11	1.26E-11	1.24E-11	1.20E-11
14	7	6.62E-12	6.62E-12	6.62E-12	6.62E-12	6.62E-12	6.62E-12	6.62E-12	6.62E-12	6.62E-12	6.62E-12	6.62E-12	6.79E-12	6.53E-12	6.29E-12	6.48E-12	7.21E-12	8.64E-12	9.65E-12	1.01E-11	1.02E-11
14	8	1.46E-11	1.46E-11	1.46E-11	1.46E-11	1.46E-11	1.46E-11	1.46E-11	1.46E-11	1.46E-11	1.46E-11	1.46E-11	1.99E-11	2.29E-11	2.59E-11	2.73E-11	2.82E-11	2.90E-11	2.91E-11	2.84E-11	2.73E-11
14	9	1.78E-11	1.78E-11	1.78E-11	1.78E-11	1.78E-11	1.78E-11	1.78E-11	1.78E-11	1.78E-11	1.78E-11	1.78E-11	1.88E-11	1.82E-11	1.71E-11	1.69E-11	1.79E-11	2.05E-11	2.25E-11	2.34E-11	2.35E-11
14	10	3.61E-11	3.61E-11	3.61E-11	3.61E-11	3.61E-11	3.61E-11	3.61E-11	3.61E-11	3.61E-11	3.61E-11	3.61E-11	5.30E-11	6.39E-11	7.62E-11	8.25E-11	8.75E-11	9.04E-11	8.96E-11	8.64E-11	8.20E-11
14	11	4.76E-11	4.76E-11	4.76E-11	4.76E-11	4.76E-11	4.76E-11	4.76E-11	4.76E-11	4.76E-11	4.76E-11	4.76E-11	5.05E-11	5.03E-11	5.03E-11	5.17E-11	5.49E-11	5.95E-11	6.17E-11	6.14E-11	5.96E-11
14	12	9.87E-11	9.87E-11	9.87E-11	9.87E-11	9.87E-11	9.87E-11	9.87E-11	9.87E-11	9.87E-11	9.87E-11	9.87E-11	1.43E-10	1.73E-10	2.17E-10	2.50E-10	2.87E-10	3.24E-10	3.38E-10	3.37E-10	3.26E-10
14	13	2.13E-10	2.13E-10	2.13E-10	2.13E-10	2.13E-10	2.13E-10	2.13E-10	2.13E-10	2.13E-10	2.13E-10	2.13E-10	2.58E-10	2.79E-10	2.99E-10	3.08E-10	3.15E-10	3.14E-10	3.05E-10	2.89E-10	2.72E-10
15	1	5.28E-14	5.28E-14	5.28E-14	5.28E-14	5.28E-14	5.28E-14	5.28E-14	5.28E-14	5.28E-14	5.28E-14	5.28E-14	6.63E-14	8.23E-14	1.28E-13	1.81E-13	2.58E-13	3.60E-13	4.22E-13	4.51E-13	4.57E-13
15	2	1.39E-13	1.39E-13	1.39E-13	1.39E-13	1.39E-13	1.39E-13	1.39E-13	1.39E-13	1.39E-13	1.39E-13	1.39E-13	1.36E-13	1.51E-13	2.46E-13	3.76E-13	5.78E-13	8.57E-13	1.03E-12	1.11E-12	1.14E-12
15	3	4.48E-13	4.48E-13	4.48E-13	4.48E-13	4.48E-13	4.48E-13	4.48E-13	4.48E-13	4.48E-13	4.48E-13	4.48E-13	5.88E-13	7.16E-13	9.85E-13	1.24E-12	1.58E-12	1.98E-12	2.19E-12	2.26E-12	2.25E-12
15	4	6.27E-13	6.27E-13	6.27E-13	6.27E-13	6.27E-13	6.27E-13	6.27E-13	6.27E-13	6.27E-13	6.27E-13	6.27E-13	6.13E-13	6.19E-13	7.85E-13	1.06E-12	1.51E-12	2.16E-12	2.57E-12	2.76E-12	2.82E-12
15	5	1.65E-12	1.65E-12	1.65E-12	1.65E-12	1.65E-12	1.65E-12	1.65E-12	1.65E-12	1.65E-12	1.65E-12	1.65E-12	2.23E-12	2.71E-12	3.49E-12	4.07E-12	4.70E-12	5.36E-12	5.66E-12	5.69E-12	5.56E-12
15	6	2.06E-12	2.06E-12	2.06E-12	2.06E-12	2.06E-12	2.06E-12	2.06E-12	2.06E-12	2.06E-12	2.06E-12	2.06E-12	2.12E-12	2.09E-12	2.23E-12	2.58E-12	3.25E-12	4.32E-12	5.01E-12	5.33E-12	5.40E-12
15	7	4.97E-12	4.97E-12	4.97E-12	4.97E-12	4.97E-12	4.97E-12	4.97E-12	4.97E-12	4.97E-12	4.97E-12	4.97E-12	6.76E-12	8.00E-12	9.73E-12	1.08E-11	1.19E-11	1.28E-11	1.31E-11	1.29E-11	1.24E-11
15	8	5.83E-12	5.83E-12	5.83E-12	5.83E-12	5.83E-12	5.83E-12	5.83E-12	5.83E-12	5.83E-12	5.83E-12	5.83E-12	6.27E-12	6.20E-12	6.18E-12	6.50E-12	7.34E-12	8.88E-12	9.95E-12	1.04E-11	1.05E-11
15	9	1.34E-11	1.34E-11	1.34E-11	1.34E-11	1.34E-11	1.34E-11	1.34E-11	1.34E-11	1.34E-11	1.34E-11	1.34E-11	1.92E-11	2.25E-11	2.58E-11	2.73E-11	2.84E-11	2.93E-11	2.94E-11	2.88E-11	2.77E-11
15	10	1.61E-11	1.61E-11	1.61E-11	1.61E-11	1.61E-11	1.61E-11	1.61E-11	1.61E-11	1.61E-11	1.61E-11	1.61E-11	1.76E-11	1.72E-11	1.65E-11	1.66E-11	1.78E-11	2.07E-11	2.27E-11	2.36E-11	2.36E-11
15	11	3.39E-11	3.39E-11	3.39E-11	3.39E-11	3.39E-11	3.39E-11	3.39E-11	3.39E-11	3.39E-11	3.39E-11	3.39E-11	5.19E-11	6.32E-11	7.60E-11	8.25E-11	8.76E-11	9.07E-11	8.99E-11	8.67E-11	8.23E-11
15	12	4.45E-11	4.45E-11	4.45E-11	4.45E-11	4.45E-11	4.45E-11	4.45E-11	4.45E-11	4.45E-11	4.45E-11	4.45E-11	4.82E-11	4.85E-11	4.90E-11	5.07E-11	5.41E-11	5.91E-11	6.14E-11	6.12E-11	5.94E-11
15	13	9.53E-11	9.53E-11	9.53E-11	9.53E-11	9.53E-11	9.53E-11	9.53E-11	9.53E-11	9.53E-11	9.53E-11	9.53E-11	1.41E-10	1.73E-10	2.18E-10	2.51E-10	2.88E-10	3.25E-10	3.38E-10	3.36E-10	3.25E-10
15	14	1.93E-10	1.93E-10	1.93E-10	1.93E-10	1.93E-10	1.93E-10	1.93E-10	1.93E-10	1.93E-10	1.93E-10	1.93E-10	2.39E-10	2.62E-10	2.86E-10	2.98E-10	3.06E-10	3.08E-10	2.99E-10	2.85E-10	2.67E-10
16	1	1.55E-14	1.55E-14	1.55E-14	1.55E-14	1.55E-14	1.55E-14	1.55E-14	1.55E-14	1.55E-14	1.55E-14	1.55E-14	1.65E-14	2.29E-14	5.17E-14	9.10E-14	1.53E-13	2.37E-13	2.88E-13	3.12E-13	3.18E-13
16	2	8.22E-14	8.22E-14	8.22E-14	8.22E-14	8.22E-14	8.22E-14	8.22E-14	8.22E-14	8.22E-14	8.22E-14	8.22E-14	1.11E-13	1.51E-13	2.70E-13	4.04E-13	5.96E-13	8.46E-13	9.95E-13	1.06E-12	1.07E-12
16	3	1.40E-13	1.40E-13	1.40E-13	1.40E-13	1.40E-13	1.40E-13	1.40E-13	1.40E-13	1.40E-13	1.40E-13	1.40E-13	1.45E-13	1.75E-13	3.17E-13	5.03E-13	7.90E-13	1.19E-12	1.45E-12	1.58E-12	1.62E-12
16	4	4.36E-13	4.36E-13	4.36E-13	4.36E-13	4.36E-13	4.36E-13	4.36E-13	4.36E-13	4.36E-13	4.36E-13	4.36E-13	6.06E-13	7.62E-13	1.09E-12	1.40E-12	1.82E-12	2.34E-12	2.64E-12	2.75E-12	2.75E-12
16	5	5.60E-13	5.60E-13	5.60E-13	5.60E-13	5.60E-13	5.60E-13	5.60E-13	5.60E-13	5.60E-13	5.60E-13	5.60E-13	5.79E-13	6.15E-13	8.36E-13	1.16E-12	1.70E-12	2.45E-12	2.92E-12	3.13E-12	3.19E-12
16	6	1.52E-12	1.52E-12	1.52E-12	1.52E-12	1.52E-12	1.52E-12	1.52E-12	1.52E-12	1.52E-12	1.52E-12	1.52E-12	2.19E-12	2.74E-12	3.61E-12	4.25E-12	4.94E-12	5.67E-12	6.00E-12	6.03E-12	5.89E-12
16	7	1.77E-12	1.77E-12	1.77E-12	1.77E-12	1.77E-12	1.77E-12	1.77E-12	1.77E-12	1.77E-12	1.77E-12	1.77E-12	1.94E-12	1.99E-12	2.23E-12	2.64E-12	3.39E-12	4.53E-12	5.26E-12	5.61E-12	5.68E-12
16	8	4.47E-12	4.47E-12	4.47E-12	4.47E-12	4.47E-12	4.47E-12	4.47E-12	4.47E-12	4.47E-12	4.47E-12	4.47E-12	6.47E-12	7.86E-12	9.76E-12	1.10E-11	1.21E-11	1.31E-11	1.34E-11	1.32E-11	1.28E-11
16	9	5.03E-12	5.03E-12	5.03E-12	5.03E-12	5.03E-12	5.03E-12	5.03E-12	5.03E-12	5.03E-12	5.03E-12	5.03E-12	5.70E-12	5.82E-12	6.03E-12	6.47E-12	7.42E-12	9.04E-12	1.01E-11	1.06E-11	1.07E-11
16	10	1.22E-11	1.22E-11	1.22E-11	1.22E-11	1.22E-11	1.22E-11	1.22E-11	1.22E-11	1.22E-11	1.22E-11	1.22E-11	1.83E-11	2.19E-11	2.55E-11	2.72E-11	2.84E-11	2.95E-11	2.97E-11	2.91E-11	2.80E-11
16	11	9.31E-13	9.31E-13	9.31E-13	9.31E-13	9.31E-13	9.31E-13	9.31E-13	9.31E-13	9.31E-13	9.31E-13	9.31E-13	3.76E-13	2.12E-13	1.00E-13	6.18E-14	3.56E-14	1.83E-14	1.09E-14	7.11E-15	4.35E-15
16	12	3.17E-11	3.17E-11	3.17E-11	3.17E-11	3.17E-11	3.17E-11	3.17E-11	3.17E-11	3.17E-11	3.17E-11	3.17E-11	5.04E-11	6.22E-11	7.53E-11	8.20E-11	8.73E-11	9.07E-11	9.00E-11	8.68E-11	8.23E-11
16	13	4.10E-11	4.10E-11	4.10E-11	4.10E-11	4.10E-11	4.10E-11	4.10E-11	4.10E-11	4.10E-11	4.10E-11	4.10E-11	4.56E-11	4.64E-11	4.75E-11	4.96E-11	5.33E-11	5.86E-11	6.10E-11	6.08E-11	5.91E-11
16	14	9.20E-11	9.20E-11	9.20E-11	9.20E-11	9.20E-11	9.20E-11	9.20E-11	9.20E-11	9.20E-11	9.20E-11	9.20E-11	1.40E-10	1.72E-10	2.18E-10	2.51E-10	2.88E-10	3.25E-10	3.38E-10	3.35E-10	3.24E-10
16	15	1.75E-10	1.75E-10	1.75E-10	1.75E-10	1.75E-10	1.75E-10	1.75E-10	1.75E-10	1.75E-10	1.75E-10	1.75E-10	2.22E-10	2.47E-10	2.73E-10	2.87E-10	2.98E-10	3.02E-10	2.94E-10	2.80E-10	2.63E-10
17	1	7.87E-15	7.87E-15	7.87E-15	7.87E-15	7.87E-15	7.87E-15	7.87E-15	7.87E-15	7.87E-15	7.87E-15	7.87E-15	1.29E-14	2.32E-14	5.52E-14	9.21E-14	1.44E-13	2.11E-13	2.49E-13	2.66E-13	2.69E-13
17	2	2.31E-14	2.31E-14	2.31E-14	2.31E-14	2.31E-14	2.31E-14	2.31E-14	2.31E-14	2.31E-14	2.31E-14	2.31E-14	2.73E-14	4.47E-14	1.17E-13	2.13E-13	3.64E-13	5.77E-13	7.12E-13	7.79E-13	8.01E-13
17	3	8.57E-14	8.57E-14	8.57E-14	8.57E-14	8.57E-14	8.57E-14	8.57E-14	8.57E-14	8.57E-14	8.57E-14	8.57E-14	1.24E-13	1.80E-13	3.44E-13	5.31E-13	8.09E-13	1.19E-12	1.42E-12	1.53E-12	1.55E-12
17	4	1.30E-13	1.30E-13	1.30E-13	1.30E-13	1.30E-13	1.30E-13	1.30E-13	1.30E-13	1.30E-13	1.30E-13	1.30E-13	1.44E-13	1.89E-13	3.70E-13	6.03E-13	9.64E-13	1.47E-12	1.78E-12	1.94E-12	1.98E-12
17	5	4.10E-13	4.10E-13	4.10E-13	4.10E-13	4.10E-13	4.10E-13	4.10E-13	4.10E-13	4.10E-13	4.10E-13	4.10E-13	6.06E-13	7.86E-13	1.16E-12	1.52E-12	1.99E-12	2.59E-12	2.92E-12	3.05E-12	3.05E-12
17	6	4.87E-13	4.87E-13	4.87E-13	4.87E-13	4.87E-13	4.87E-13	4.87E-13	4.87E-13	4.87E-13	4.87E-13	4.87E-13	5.38E-13	6.04E-13	8.76E-13	1.24E-12	1.83E-12	2.65E-12	3.16E-12	3.40E-12	3.46E-12
17	7	1.37E-12	1.37E-12	1.37E-12	1.37E-12	1.37E-12	1.37E-12	1.37E-12	1.37E-12	1.37E-12	1.37E-12	1.37E-12	2.13E-12	2.74E-12	3.69E-12	4.38E-12	5.12E-12	5.91E-12	6.27E-12	6.32E-12	6.18E-12
17	8	1.50E-12	1.50E-12	1.50E-12	1.50E-12	1.50E-12	1.50E-12	1.50E-12	1.50E-12	1.50E-12	1.50E-12	1.50E-12	1.75E-12	1.88E-12	2.22E-12	2.69E-12	3.50E-12	4.70E-12	5.46E-12	5.81E-12	5.87E-12
17	9	4.00E-12	4.00E-12	4.00E-12	4.00E-12	4.00E-12	4.00E-12	4.00E-12	4.00E-12	4.00E-12	4.00E-12	4.00E-12	6.16E-12	7.68E-12	9.74E-12	1.10E-11	1.22E-11	1.33E-11	1.36E-11	1.35E-11	1.30E-11
17	10	4.29E-12	4.29E-12	4.29E-12	4.29E-12	4.29E-12	4.29E-12	4.29E-12	4.29E-12	4.29E-12	4.29E-12	4.29E-12	5.15E-12	5.45E-12	5.87E-12	6.43E-12	7.48E-12	9.20E-12	1.03E-11	1.08E-11	1.09E-11
17	11	1.10E-11	1.10E-11	1.10E-11	1.10E-11	1.10E-11	1.10E-11	1.10E-11	1.10E-11	1.10E-11	1.10E-11	1.10E-11	1.74E-11	2.12E-11	2.51E-11	2.70E-11	2.84E-11	2.96E-11	2.99E-11	2.93E-11	2.81E-11
17	12	1.26E-11	1.26E-11	1.26E-11	1.26E-11	1.26E-11	1.26E-11	1.26E-11	1.26E-11	1.26E-11	1.26E-11	1.26E-11	1.48E-11	1.51E-11	1.53E-11	1.58E-11	1.75E-11	2.07E-11	2.29E-11	2.39E-11	2.39E-11
17	13	2.96E-11	2.96E-11	2.96E-11	2.96E-11	2.96E-11	2.96E-11	2.96E-11	2.96E-11	2.96E-11	2.96E-11	2.96E-11	4.88E-11	6.09E-11	7.43E-11	8.12E-11	8.68E-11	9.04E-11	8.98E-11	8.66E-11	8.21E-11
17	14	3.73E-11	3.73E-11	3.73E-11	3.73E-11	3.73E-11	3.73E-11	3.73E-11	3.73E-11	3.73E-11	3.73E-11	3.73E-11	4.27E-11	4.41E-11	4.59E-11	4.83E-11	5.24E-11	5.80E-11	6.05E-11	6.04E-11	5.87E-11
17	15	8.84E-11	8.84E-11	8.84E-11	8.84E-11	8.84E-11	8.84E-11	8.84E-11	8.84E-11	8.84E-11	8.84E-11	8.84E-11	1.38E-10	1.71E-10	2.18E-10	2.51E-10	2.88E-10	3.24E-10	3.37E-10	3.34E-10	3.22E-10
17	16	1.56E-10	1.56E-10	1.56E-10	1.56E-10	1.56E-10	1.56E-10	1.56E-10	1.56E-10	1.56E-10	1.56E-10	1.56E-10	2.03E-10	2.30E-10	2.60E-10	2.76E-10	2.89E-10	2.95E-10	2.88E-10	2.75E-10	2.58E-10
