      5.0     10.0     20.0     40.0     60.0     80.0    100.0    200.0    300.0    500.0 
 2  1 +3.4e-11 +3.2e-11 +3.0e-11 +2.8e-11 +2.7e-11 +2.6e-11 +2.6e-11 +2.5e-11 +2.5e-11 +2.6e-11 
 3  1 +1.3e-11 +1.3e-11 +1.2e-11 +1.1e-11 +1.1e-11 +1.1e-11 +1.1e-11 +1.4e-11 +1.6e-11 +1.9e-11 
 3  2 +4.2e-11 +4.5e-11 +4.5e-11 +4.6e-11 +4.7e-11 +4.8e-11 +4.9e-11 +5.0e-11 +5.2e-11 +5.7e-11 
 4  1 +6.2e-12 +6.6e-12 +7.2e-12 +8.5e-12 +9.5e-12 +1.0e-11 +1.1e-11 +1.2e-11 +1.3e-11 +1.4e-11 
 4  2 +2.3e-11 +2.2e-11 +2.0e-11 +1.8e-11 +1.8e-11 +1.8e-11 +1.9e-11 +2.2e-11 +2.6e-11 +3.2e-11 
 4  3 +4.6e-11 +4.9e-11 +5.0e-11 +5.1e-11 +5.2e-11 +5.3e-11 +5.4e-11 +5.8e-11 +6.1e-11 +6.8e-11 
 5  1 +1.8e-12 +1.9e-12 +1.9e-12 +2.0e-12 +2.1e-12 +2.1e-12 +2.2e-12 +2.6e-12 +3.1e-12 +4.0e-12 
 5  2 +1.3e-11 +1.4e-11 +1.5e-11 +1.7e-11 +1.8e-11 +2.0e-11 +2.1e-11 +2.4e-11 +2.7e-11 +3.1e-11 
 5  3 +2.7e-11 +2.7e-11 +2.4e-11 +2.2e-11 +2.2e-11 +2.2e-11 +2.3e-11 +2.7e-11 +3.1e-11 +3.7e-11 
 5  4 +5.3e-11 +5.4e-11 +5.4e-11 +5.4e-11 +5.4e-11 +5.5e-11 +5.6e-11 +6.0e-11 +6.4e-11 +7.1e-11 
 6  1 +1.4e-12 +1.5e-12 +1.8e-12 +2.4e-12 +2.9e-12 +3.3e-12 +3.7e-12 +4.9e-12 +5.6e-12 +6.8e-12 
 6  2 +3.4e-12 +3.6e-12 +3.7e-12 +4.1e-12 +4.4e-12 +4.6e-12 +4.9e-12 +6.0e-12 +7.0e-12 +8.5e-12 
 6  3 +1.7e-11 +1.8e-11 +1.9e-11 +2.1e-11 +2.3e-11 +2.4e-11 +2.6e-11 +3.0e-11 +3.3e-11 +3.7e-11 
 6  4 +2.4e-11 +2.5e-11 +2.5e-11 +2.3e-11 +2.3e-11 +2.3e-11 +2.4e-11 +2.9e-11 +3.4e-11 +4.1e-11 
 6  5 +5.1e-11 +5.4e-11 +5.5e-11 +5.6e-11 +5.6e-11 +5.7e-11 +5.8e-11 +6.1e-11 +6.5e-11 +7.3e-11 
 7  1 +5.8e-13 +5.6e-13 +6.0e-13 +7.6e-13 +9.3e-13 +1.1e-12 +1.2e-12 +1.5e-12 +1.7e-12 +1.9e-12 
 7  2 +4.2e-12 +3.9e-12 +4.1e-12 +5.0e-12 +5.9e-12 +6.8e-12 +7.5e-12 +1.0e-11 +1.2e-11 +1.4e-11 
 7  3 +6.3e-12 +5.7e-12 +5.4e-12 +5.3e-12 +5.6e-12 +5.9e-12 +6.3e-12 +8.2e-12 +9.8e-12 +1.2e-11 
 7  4 +3.3e-11 +2.8e-11 +2.6e-11 +2.6e-11 +2.7e-11 +2.8e-11 +2.9e-11 +3.3e-11 +3.6e-11 +4.1e-11 
 7  5 +3.8e-11 +3.2e-11 +2.8e-11 +2.5e-11 +2.4e-11 +2.4e-11 +2.5e-11 +3.1e-11 +3.6e-11 +4.4e-11 
 7  6 +6.6e-11 +6.7e-11 +6.4e-11 +6.1e-11 +6.0e-11 +6.0e-11 +6.1e-11 +6.3e-11 +6.7e-11 +7.4e-11 
 8  1 +3.4e-13 +3.8e-13 +4.6e-13 +6.6e-13 +8.9e-13 +1.1e-12 +1.3e-12 +1.9e-12 +2.3e-12 +2.8e-12 
 8  2 +1.0e-12 +1.1e-12 +1.2e-12 +1.6e-12 +2.0e-12 +2.4e-12 +2.7e-12 +3.9e-12 +4.6e-12 +5.5e-12 
 8  3 +4.7e-12 +5.0e-12 +5.5e-12 +6.6e-12 +7.7e-12 +8.6e-12 +9.5e-12 +1.2e-11 +1.5e-11 +1.7e-11 
 8  4 +5.5e-12 +5.8e-12 +5.9e-12 +6.0e-12 +6.3e-12 +6.6e-12 +7.0e-12 +9.4e-12 +1.1e-11 +1.5e-11 
 8  5 +2.5e-11 +2.6e-11 +2.7e-11 +2.8e-11 +2.9e-11 +3.0e-11 +3.1e-11 +3.5e-11 +3.8e-11 +4.3e-11 
 8  6 +2.2e-11 +2.4e-11 +2.4e-11 +2.3e-11 +2.3e-11 +2.4e-11 +2.5e-11 +3.1e-11 +3.6e-11 +4.5e-11 
 8  7 +6.5e-11 +6.7e-11 +6.6e-11 +6.4e-11 +6.3e-11 +6.3e-11 +6.3e-11 +6.5e-11 +6.8e-11 +7.6e-11 
 9  1 +1.3e-13 +1.4e-13 +1.7e-13 +2.6e-13 +3.9e-13 +5.1e-13 +6.4e-13 +1.1e-12 +1.4e-12 +1.7e-12 
 9  2 +7.8e-13 +8.3e-13 +9.7e-13 +1.4e-12 +1.8e-12 +2.2e-12 +2.6e-12 +4.0e-12 +4.8e-12 +5.9e-12 
 9  3 +1.6e-12 +1.7e-12 +1.8e-12 +2.2e-12 +2.6e-12 +3.1e-12 +3.5e-12 +5.3e-12 +6.4e-12 +8.0e-12 
 9  4 +6.3e-12 +6.5e-12 +7.0e-12 +8.1e-12 +9.2e-12 +1.0e-11 +1.1e-11 +1.4e-11 +1.6e-11 +1.9e-11 
 9  5 +6.5e-12 +6.7e-12 +6.8e-12 +6.8e-12 +6.9e-12 +7.2e-12 +7.6e-12 +9.9e-12 +1.2e-11 +1.5e-11 
 9  6 +2.8e-11 +2.9e-11 +2.9e-11 +3.0e-11 +3.1e-11 +3.2e-11 +3.3e-11 +3.6e-11 +3.9e-11 +4.4e-11 
 9  7 +2.1e-11 +2.3e-11 +2.3e-11 +2.3e-11 +2.3e-11 +2.4e-11 +2.5e-11 +3.1e-11 +3.6e-11 +4.5e-11 
 9  8 +7.1e-11 +7.2e-11 +7.0e-11 +6.8e-11 +6.6e-11 +6.6e-11 +6.6e-11 +6.7e-11 +7.0e-11 +7.7e-11 
10  1 +6.5e-14 +7.4e-14 +9.5e-14 +1.6e-13 +2.4e-13 +3.2e-13 +4.1e-13 +7.6e-13 +9.8e-13 +1.3e-12 
10  2 +3.0e-13 +3.2e-13 +3.8e-13 +5.7e-13 +8.3e-13 +1.1e-12 +1.4e-12 +2.6e-12 +3.4e-12 +4.5e-12 
10  3 +1.1e-12 +1.2e-12 +1.4e-12 +1.9e-12 +2.4e-12 +2.9e-12 +3.3e-12 +5.0e-12 +6.1e-12 +7.5e-12 
10  4 +2.0e-12 +2.1e-12 +2.3e-12 +2.7e-12 +3.2e-12 +3.7e-12 +4.1e-12 +6.0e-12 +7.3e-12 +9.0e-12 
10  5 +7.0e-12 +7.4e-12 +8.1e-12 +9.2e-12 +1.0e-11 +1.1e-11 +1.2e-11 +1.5e-11 +1.7e-11 +2.0e-11 
10  6 +6.7e-12 +7.0e-12 +7.2e-12 +7.3e-12 +7.4e-12 +7.7e-12 +8.0e-12 +1.0e-11 +1.2e-11 +1.5e-11 
10  7 +2.7e-11 +2.9e-11 +3.0e-11 +3.1e-11 +3.3e-11 +3.4e-11 +3.4e-11 +3.8e-11 +4.1e-11 +4.6e-11 
10  8 +1.9e-11 +2.0e-11 +2.1e-11 +2.1e-11 +2.2e-11 +2.3e-11 +2.4e-11 +3.0e-11 +3.6e-11 +4.4e-11 
10  9 +7.0e-11 +7.3e-11 +7.2e-11 +7.0e-11 +6.9e-11 +6.8e-11 +6.8e-11 +6.9e-11 +7.2e-11 +8.0e-11 
11  1 +3.4e-14 +3.6e-14 +4.5e-14 +8.0e-14 +1.3e-13 +2.0e-13 +2.7e-13 +6.2e-13 +8.8e-13 +1.2e-12 
11  2 +1.8e-13 +1.8e-13 +2.2e-13 +3.4e-13 +5.0e-13 +6.7e-13 +8.5e-13 +1.6e-12 +2.1e-12 +2.7e-12 
11  3 +5.7e-13 +5.6e-13 +6.2e-13 +8.5e-13 +1.2e-12 +1.5e-12 +1.8e-12 +3.3e-12 +4.4e-12 +5.6e-12 
11  4 +1.8e-12 +1.8e-12 +1.9e-12 +2.4e-12 +2.9e-12 +3.5e-12 +3.9e-12 +5.7e-12 +6.8e-12 +8.2e-12 
11  5 +3.0e-12 +2.9e-12 +2.9e-12 +3.3e-12 +3.8e-12 +4.2e-12 +4.7e-12 +6.4e-12 +7.6e-12 +9.2e-12 
11  6 +9.6e-12 +9.0e-12 +9.2e-12 +1.0e-11 +1.1e-11 +1.2e-11 +1.3e-11 +1.6e-11 +1.8e-11 +2.1e-11 
11  7 +9.2e-12 +8.4e-12 +8.1e-12 +8.0e-12 +8.0e-12 +8.3e-12 +8.6e-12 +1.1e-11 +1.3e-11 +1.6e-11 
11  8 +3.6e-11 +3.3e-11 +3.2e-11 +3.3e-11 +3.4e-11 +3.5e-11 +3.5e-11 +3.9e-11 +4.2e-11 +4.7e-11 
11  9 +2.5e-11 +2.2e-11 +2.1e-11 +2.1e-11 +2.1e-11 +2.2e-11 +2.4e-11 +3.1e-11 +3.8e-11 +4.7e-11 
11 10 +1.1e-10 +9.2e-11 +8.2e-11 +7.5e-11 +7.3e-11 +7.2e-11 +7.2e-11 +7.2e-11 +7.4e-11 +8.2e-11 
12  1 +1.4e-14 +1.5e-14 +2.0e-14 +3.7e-14 +6.4e-14 +9.7e-14 +1.3e-13 +3.1e-13 +4.4e-13 +5.9e-13 
12  2 +8.3e-14 +8.8e-14 +1.1e-13 +1.8e-13 +2.9e-13 +4.3e-13 +5.8e-13 +1.3e-12 +1.8e-12 +2.5e-12 
12  3 +2.7e-13 +2.9e-13 +3.4e-13 +5.0e-13 +7.0e-13 +9.2e-13 +1.1e-12 +2.0e-12 +2.6e-12 +3.4e-12 
12  4 +7.3e-13 +7.5e-13 +8.4e-13 +1.1e-12 +1.5e-12 +1.9e-12 +2.2e-12 +3.8e-12 +4.9e-12 +6.1e-12 
12  5 +1.9e-12 +2.0e-12 +2.2e-12 +2.8e-12 +3.4e-12 +3.9e-12 +4.4e-12 +6.1e-12 +7.2e-12 +8.4e-12 
12  6 +3.1e-12 +3.1e-12 +3.3e-12 +3.8e-12 +4.3e-12 +4.8e-12 +5.2e-12 +7.0e-12 +8.1e-12 +9.6e-12 
12  7 +8.5e-12 +8.6e-12 +9.3e-12 +1.1e-11 +1.2e-11 +1.3e-11 +1.4e-11 +1.6e-11 +1.8e-11 +2.1e-11 
12  8 +8.0e-12 +8.0e-12 +8.1e-12 +8.3e-12 +8.5e-12 +8.7e-12 +9.1e-12 +1.1e-11 +1.3e-11 +1.5e-11 
12  9 +2.9e-11 +2.9e-11 +3.0e-11 +3.2e-11 +3.4e-11 +3.5e-11 +3.6e-11 +3.9e-11 +4.2e-11 +4.7e-11 
12 10 +1.8e-11 +1.9e-11 +1.9e-11 +2.0e-11 +2.0e-11 +2.1e-11 +2.3e-11 +3.0e-11 +3.6e-11 +4.5e-11 
12 11 +8.0e-11 +7.9e-11 +7.7e-11 +7.5e-11 +7.4e-11 +7.4e-11 +7.3e-11 +7.5e-11 +7.8e-11 +8.7e-11 
13  1 +6.7e-15 +8.1e-15 +1.1e-14 +2.2e-14 +4.1e-14 +6.7e-14 +9.7e-14 +2.4e-13 +3.3e-13 +4.4e-13 
13  2 +3.0e-14 +3.6e-14 +4.9e-14 +8.6e-14 +1.4e-13 +2.1e-13 +2.9e-13 +6.5e-13 +8.8e-13 +1.1e-12 
13  3 +1.2e-13 +1.4e-13 +1.8e-13 +2.8e-13 +4.3e-13 +6.1e-13 +8.1e-13 +1.7e-12 +2.2e-12 +2.8e-12 
13  4 +3.2e-13 +3.7e-13 +4.5e-13 +6.6e-13 +9.1e-13 +1.2e-12 +1.5e-12 +2.5e-12 +3.2e-12 +3.9e-12 
13  5 +7.7e-13 +8.7e-13 +1.0e-12 +1.4e-12 +1.8e-12 +2.3e-12 +2.7e-12 +4.5e-12 +5.5e-12 +6.8e-12 
13  6 +1.8e-12 +2.0e-12 +2.4e-12 +3.1e-12 +3.8e-12 +4.5e-12 +5.1e-12 +7.3e-12 +8.6e-12 +1.0e-11 
13  7 +2.8e-12 +3.1e-12 +3.5e-12 +4.2e-12 +4.9e-12 +5.5e-12 +6.0e-12 +8.0e-12 +9.1e-12 +1.1e-11 
13  8 +6.9e-12 +7.8e-12 +9.0e-12 +1.1e-11 +1.2e-11 +1.4e-11 +1.5e-11 +1.9e-11 +2.1e-11 +2.5e-11 
13  9 +6.7e-12 +7.4e-12 +8.1e-12 +8.7e-12 +9.0e-12 +9.3e-12 +9.6e-12 +1.1e-11 +1.2e-11 +1.3e-11 
13 10 +2.2e-11 +2.5e-11 +2.8e-11 +3.1e-11 +3.4e-11 +3.6e-11 +3.7e-11 +4.4e-11 +4.8e-11 +5.6e-11 
13 11 +1.4e-11 +1.6e-11 +1.7e-11 +1.8e-11 +1.9e-11 +2.0e-11 +2.1e-11 +2.7e-11 +3.1e-11 +3.8e-11 
13 12 +6.3e-11 +7.0e-11 +7.4e-11 +7.6e-11 +7.6e-11 +7.6e-11 +7.6e-11 +7.9e-11 +8.4e-11 +9.5e-11 
14  1 +2.8e-15 +3.4e-15 +4.9e-15 +9.4e-15 +1.7e-14 +2.6e-14 +3.6e-14 +7.6e-14 +1.0e-13 +1.3e-13 
14  2 +1.8e-14 +2.1e-14 +2.8e-14 +4.9e-14 +8.3e-14 +1.2e-13 +1.7e-13 +3.4e-13 +4.5e-13 +5.6e-13 
14  3 +5.2e-14 +6.1e-14 +7.9e-14 +1.3e-13 +1.9e-13 +2.6e-13 +3.4e-13 +6.1e-13 +7.7e-13 +9.4e-13 
14  4 +1.7e-13 +1.9e-13 +2.4e-13 +3.6e-13 +5.0e-13 +6.7e-13 +8.3e-13 +1.4e-12 +1.8e-12 +2.2e-12 
14  5 +3.9e-13 +4.4e-13 +5.4e-13 +7.5e-13 +9.8e-13 +1.2e-12 +1.4e-12 +2.1e-12 +2.5e-12 +3.0e-12 
14  6 +8.6e-13 +9.7e-13 +1.2e-12 +1.5e-12 +1.9e-12 +2.2e-12 +2.6e-12 +3.7e-12 +4.4e-12 +5.1e-12 
14  7 +1.8e-12 +2.0e-12 +2.4e-12 +3.1e-12 +3.6e-12 +4.1e-12 +4.5e-12 +5.8e-12 +6.5e-12 +7.4e-12 
14  8 +2.8e-12 +3.2e-12 +3.6e-12 +4.2e-12 +4.7e-12 +5.2e-12 +5.5e-12 +6.8e-12 +7.5e-12 +8.4e-12 
14  9 +6.2e-12 +7.1e-12 +8.2e-12 +9.8e-12 +1.1e-11 +1.2e-11 +1.3e-11 +1.5e-11 +1.6e-11 +1.8e-11 
14 10 +6.6e-12 +7.3e-12 +8.0e-12 +8.5e-12 +8.7e-12 +8.9e-12 +9.1e-12 +1.0e-11 +1.1e-11 +1.2e-11 
14 11 +1.9e-11 +2.2e-11 +2.5e-11 +2.8e-11 +3.0e-11 +3.1e-11 +3.2e-11 +3.6e-11 +3.8e-11 +4.2e-11 
14 12 +1.4e-11 +1.6e-11 +1.7e-11 +1.8e-11 +1.8e-11 +1.9e-11 +2.1e-11 +2.6e-11 +3.1e-11 +3.8e-11 
14 13 +6.2e-11 +6.9e-11 +7.3e-11 +7.5e-11 +7.5e-11 +7.4e-11 +7.4e-11 +7.7e-11 +8.1e-11 +9.2e-11 
15  1 +2.1e-15 +2.2e-15 +3.0e-15 +6.3e-15 +1.2e-14 +1.8e-14 +2.4e-14 +4.5e-14 +5.5e-14 +6.5e-14 
15  2 +7.8e-15 +8.3e-15 +1.1e-14 +2.2e-14 +3.9e-14 +5.9e-14 +7.9e-14 +1.4e-13 +1.8e-13 +2.1e-13 
15  3 +3.5e-14 +3.6e-14 +4.4e-14 +7.9e-14 +1.3e-13 +1.9e-13 +2.5e-13 +4.3e-13 +5.2e-13 +6.1e-13 
15  4 +7.9e-14 +8.0e-14 +9.7e-14 +1.6e-13 +2.6e-13 +3.6e-13 +4.5e-13 +7.6e-13 +9.2e-13 +1.1e-12 
15  5 +2.4e-13 +2.4e-13 +2.9e-13 +4.5e-13 +6.7e-13 +9.1e-13 +1.1e-12 +1.8e-12 +2.2e-12 +2.5e-12 
15  6 +4.6e-13 +4.6e-13 +5.3e-13 +7.8e-13 +1.1e-12 +1.4e-12 +1.7e-12 +2.6e-12 +3.1e-12 +3.5e-12 
15  7 +1.1e-12 +1.1e-12 +1.2e-12 +1.7e-12 +2.4e-12 +3.0e-12 +3.6e-12 +5.4e-12 +6.4e-12 +7.3e-12 
15  8 +1.9e-12 +1.8e-12 +2.1e-12 +2.8e-12 +3.6e-12 +4.3e-12 +4.9e-12 +7.0e-12 +8.0e-12 +9.0e-12 
15  9 +3.5e-12 +3.4e-12 +3.8e-12 +5.0e-12 +6.4e-12 +7.7e-12 +8.8e-12 +1.2e-11 +1.4e-11 +1.6e-11 
15 10 +6.4e-12 +6.3e-12 +6.8e-12 +8.6e-12 +1.0e-11 +1.2e-11 +1.3e-11 +1.7e-11 +1.9e-11 +2.2e-11 
15 11 +8.5e-12 +8.3e-12 +9.0e-12 +1.1e-11 +1.3e-11 +1.5e-11 +1.7e-11 +2.3e-11 +2.6e-11 +3.0e-11 
15 12 +2.2e-11 +2.2e-11 +2.3e-11 +2.7e-11 +3.1e-11 +3.4e-11 +3.7e-11 +4.5e-11 +5.0e-11 +5.8e-11 
15 13 +1.9e-11 +1.8e-11 +1.9e-11 +2.2e-11 +2.4e-11 +2.7e-11 +2.9e-11 +3.8e-11 +4.3e-11 +5.1e-11 
15 14 +9.2e-11 +8.8e-11 +8.9e-11 +9.6e-11 +1.0e-10 +1.1e-10 +1.1e-10 +1.3e-10 +1.5e-10 +1.7e-10 
