 20.0    40.0    80.0   120.0   200.0   400.0   800.0  1200.0  1600.0  2000.0
    1    2   1   8.6E-12 1.3E-11 2.3E-11 3.2E-11 4.9E-11 7.8E-11 1.1E-10 1.2E-10 1.3E-10 1.4E-10
    2    3   1   1.4E-11 1.7E-11 2.3E-11 2.9E-11 4.0E-11 6.0E-11 8.2E-11 9.3E-11 1.0E-10 1.1E-10
    3    3   2   7.8E-12 8.6E-12 9.9E-12 1.1E-11 1.2E-11 1.4E-11 1.6E-11 1.6E-11 1.6E-11 1.5E-11
    4    4   1   4.1E-13 6.4E-13 1.2E-12 2.0E-12 3.7E-12 9.0E-12 1.9E-11 2.7E-11 3.4E-11 3.9E-11
    5    4   2   6.5E-12 8.9E-12 1.4E-11 1.9E-11 2.7E-11 4.4E-11 6.3E-11 7.3E-11 8.0E-11 8.5E-11
    6    4   3   8.2E-12 1.0E-11 1.4E-11 1.8E-11 2.4E-11 3.5E-11 4.5E-11 5.0E-11 5.3E-11 5.6E-11
    7    5   1   1.9E-12 2.4E-12 3.7E-12 5.0E-12 7.6E-12 1.3E-11 2.1E-11 2.6E-11 3.0E-11 3.3E-11
    8    5   2   4.6E-12 5.2E-12 6.9E-12 8.5E-12 1.1E-11 1.5E-11 1.8E-11 2.1E-11 2.3E-11 2.4E-11
    9    5   3   1.1E-11 1.2E-11 1.7E-11 2.1E-11 3.0E-11 4.5E-11 6.1E-11 6.9E-11 7.4E-11 7.7E-11
   10    5   4   2.6E-13 5.0E-13 1.2E-12 2.1E-12 4.2E-12 9.3E-12 1.6E-11 2.0E-11 2.2E-11 2.3E-11
   11    6   1   2.5E-13 3.3E-13 5.0E-13 6.6E-13 9.2E-13 1.3E-12 1.8E-12 2.1E-12 2.4E-12 2.7E-12
   12    6   2   9.4E-13 1.3E-12 2.2E-12 3.1E-12 5.0E-12 9.4E-12 1.6E-11 2.1E-11 2.5E-11 2.7E-11
   13    6   3   4.0E-12 4.9E-12 6.9E-12 9.0E-12 1.3E-11 2.3E-11 4.0E-11 5.3E-11 6.2E-11 6.9E-11
   14    6   4   3.2E-12 4.2E-12 6.3E-12 8.3E-12 1.1E-11 1.7E-11 2.3E-11 2.7E-11 3.0E-11 3.2E-11
   15    6   5   7.6E-12 9.7E-12 1.5E-11 2.1E-11 3.2E-11 5.3E-11 7.7E-11 9.0E-11 9.8E-11 1.0E-10
   16    7   1   4.0E-13 5.9E-13 1.2E-12 1.9E-12 3.7E-12 8.6E-12 1.7E-11 2.3E-11 2.7E-11 3.1E-11
   17    7   2   1.5E-13 2.0E-13 3.5E-13 5.0E-13 7.8E-13 1.3E-12 1.8E-12 2.0E-12 2.2E-12 2.4E-12
   18    7   3   3.0E-12 4.0E-12 6.6E-12 9.2E-12 1.4E-11 2.4E-11 3.7E-11 4.6E-11 5.1E-11 5.6E-11
   19    7   4   5.8E-12 7.0E-12 9.4E-12 1.1E-11 1.5E-11 2.3E-11 3.4E-11 4.2E-11 4.7E-11 5.1E-11
   20    7   5   5.1E-13 5.9E-13 8.7E-13 1.2E-12 2.2E-12 5.0E-12 1.0E-11 1.4E-11 1.7E-11 2.0E-11
   21    7   6   9.4E-12 1.2E-11 1.7E-11 2.3E-11 3.3E-11 5.4E-11 7.9E-11 9.3E-11 1.0E-10 1.1E-10
   22    8   1   1.3E-12 1.8E-12 2.7E-12 3.6E-12 5.1E-12 7.6E-12 1.1E-11 1.3E-11 1.4E-11 1.6E-11
   23    8   2   7.3E-13 9.7E-13 1.7E-12 2.6E-12 4.7E-12 1.0E-11 1.8E-11 2.3E-11 2.5E-11 2.8E-11
   24    8   3   3.8E-13 6.0E-13 1.2E-12 1.7E-12 2.6E-12 4.6E-12 7.5E-12 9.3E-12 1.1E-11 1.2E-11
   25    8   4   1.6E-12 1.9E-12 2.8E-12 3.7E-12 5.3E-12 8.3E-12 1.2E-11 1.5E-11 1.7E-11 1.9E-11
   26    8   5   1.2E-11 1.5E-11 2.0E-11 2.6E-11 3.7E-11 5.7E-11 8.1E-11 9.4E-11 1.0E-10 1.1E-10
   27    8   6   9.7E-13 1.1E-12 1.5E-12 2.0E-12 2.8E-12 4.9E-12 8.1E-12 1.0E-11 1.2E-11 1.3E-11
   28    8   7   6.0E-13 1.0E-12 2.1E-12 3.2E-12 5.0E-12 8.0E-12 1.1E-11 1.2E-11 1.3E-11 1.4E-11
   29    9   1   8.4E-15 1.3E-14 2.3E-14 3.7E-14 8.2E-14 2.9E-13 8.6E-13 1.3E-12 1.6E-12 1.9E-12
   30    9   2   1.6E-13 2.6E-13 5.7E-13 9.9E-13 2.1E-12 5.4E-12 1.2E-11 1.7E-11 2.1E-11 2.4E-11
   31    9   3   1.9E-13 2.9E-13 5.6E-13 9.0E-13 1.7E-12 4.0E-12 7.9E-12 1.1E-11 1.3E-11 1.5E-11
   32    9   4   4.4E-12 6.3E-12 1.1E-11 1.6E-11 2.5E-11 4.4E-11 6.7E-11 8.0E-11 8.8E-11 9.4E-11
   33    9   5   3.3E-13 4.4E-13 7.3E-13 1.1E-12 1.9E-12 4.2E-12 9.0E-12 1.3E-11 1.5E-11 1.8E-11
   34    9   6   4.7E-13 6.4E-13 1.1E-12 1.8E-12 3.2E-12 6.8E-12 1.2E-11 1.5E-11 1.8E-11 1.9E-11
   35    9   7   9.5E-12 1.1E-11 1.5E-11 1.9E-11 2.5E-11 3.5E-11 4.5E-11 5.0E-11 5.4E-11 5.7E-11
   36    9   8   4.1E-13 5.9E-13 1.2E-12 1.9E-12 3.7E-12 8.4E-12 1.5E-11 1.9E-11 2.2E-11 2.3E-11
   37   10   1   8.1E-14 1.2E-13 2.4E-13 3.9E-13 7.4E-13 1.6E-12 2.7E-12 3.3E-12 3.7E-12 4.0E-12
   38   10   2   2.0E-13 3.0E-13 5.5E-13 8.2E-13 1.4E-12 2.8E-12 5.7E-12 8.0E-12 9.9E-12 1.1E-11
   39   10   3   9.8E-14 1.4E-13 2.4E-13 3.3E-13 5.1E-13 8.7E-13 1.4E-12 1.8E-12 2.1E-12 2.3E-12
   40   10   4   1.3E-13 2.0E-13 4.2E-13 7.0E-13 1.5E-12 4.0E-12 9.5E-12 1.4E-11 1.7E-11 2.0E-11
   41   10   5   7.3E-13 1.1E-12 2.0E-12 3.3E-12 6.3E-12 1.5E-11 3.2E-11 4.4E-11 5.3E-11 6.0E-11
   42   10   6   4.6E-12 6.1E-12 9.6E-12 1.3E-11 2.1E-11 3.6E-11 5.5E-11 6.6E-11 7.3E-11 7.9E-11
   43   10   7   2.8E-12 3.5E-12 5.0E-12 6.3E-12 8.7E-12 1.4E-11 2.0E-11 2.4E-11 2.7E-11 2.8E-11
   44   10   8   5.4E-12 6.9E-12 1.0E-11 1.4E-11 2.0E-11 3.1E-11 4.5E-11 5.2E-11 5.7E-11 6.0E-11
   45   10   9   1.1E-12 1.8E-12 3.5E-12 5.1E-12 8.0E-12 1.2E-11 1.6E-11 1.8E-11 2.0E-11 2.1E-11
   46   11   1   3.2E-13 4.3E-13 7.6E-13 1.2E-12 2.2E-12 4.8E-12 8.7E-12 1.1E-11 1.3E-11 1.4E-11
   47   11   2   7.8E-14 1.2E-13 2.3E-13 3.6E-13 6.5E-13 1.4E-12 2.5E-12 3.3E-12 3.8E-12 4.2E-12
   48   11   3   8.5E-13 1.2E-12 1.9E-12 2.6E-12 3.9E-12 6.6E-12 1.1E-11 1.4E-11 1.7E-11 1.9E-11
   49   11   4   3.5E-13 5.0E-13 9.1E-13 1.4E-12 2.6E-12 5.7E-12 1.0E-11 1.2E-11 1.4E-11 1.5E-11
   50   11   5   1.8E-13 2.6E-13 4.9E-13 7.4E-13 1.3E-12 3.1E-12 6.6E-12 9.4E-12 1.2E-11 1.3E-11
   51   11   6   1.2E-12 1.5E-12 2.4E-12 3.2E-12 4.6E-12 7.1E-12 1.0E-11 1.3E-11 1.4E-11 1.6E-11
   52   11   7   5.1E-13 6.5E-13 1.1E-12 1.6E-12 2.9E-12 6.4E-12 1.2E-11 1.5E-11 1.8E-11 1.9E-11
   53   11   8   1.2E-11 1.5E-11 2.1E-11 2.7E-11 3.8E-11 5.9E-11 8.4E-11 9.6E-11 1.0E-10 1.1E-10
   54   11   9   1.5E-13 2.2E-13 4.3E-13 7.1E-13 1.4E-12 3.3E-12 6.8E-12 9.4E-12 1.1E-11 1.3E-11
   55   11  10   1.4E-13 1.8E-13 3.0E-13 4.4E-13 7.3E-13 1.5E-12 3.0E-12 4.2E-12 5.3E-12 6.1E-12
   56   12   1   1.8E-14 3.0E-14 7.4E-14 1.4E-13 3.6E-13 1.2E-12 3.3E-12 5.1E-12 6.4E-12 7.4E-12
   57   12   2   2.7E-14 4.3E-14 9.4E-14 1.6E-13 3.3E-13 7.5E-13 1.3E-12 1.6E-12 1.7E-12 1.8E-12
   58   12   3   2.2E-13 3.5E-13 7.3E-13 1.2E-12 2.6E-12 6.5E-12 1.4E-11 1.9E-11 2.3E-11 2.6E-11
   59   12   4   2.3E-13 3.5E-13 6.5E-13 9.9E-13 1.6E-12 2.9E-12 4.8E-12 6.3E-12 7.6E-12 8.7E-12
   60   12   5   9.3E-14 1.4E-13 2.6E-13 4.2E-13 8.1E-13 2.0E-12 4.5E-12 6.4E-12 7.8E-12 8.8E-12
   61   12   6   2.0E-13 3.1E-13 5.9E-13 9.5E-13 1.9E-12 5.1E-12 1.2E-11 1.8E-11 2.2E-11 2.6E-11
   62   12   7   2.9E-12 4.1E-12 7.4E-12 1.1E-11 1.8E-11 3.4E-11 5.3E-11 6.4E-11 7.2E-11 7.7E-11
   63   12   8   1.1E-13 1.5E-13 2.7E-13 4.2E-13 7.6E-13 1.7E-12 3.4E-12 4.7E-12 5.8E-12 6.8E-12
   64   12   9   2.4E-12 3.1E-12 4.3E-12 5.5E-12 7.7E-12 1.3E-11 2.3E-11 3.0E-11 3.5E-11 3.9E-11
   65   12  10   7.0E-12 8.8E-12 1.3E-11 1.6E-11 2.2E-11 3.4E-11 4.6E-11 5.2E-11 5.6E-11 5.9E-11
   66   12  11   3.9E-13 5.2E-13 8.9E-13 1.3E-12 2.1E-12 4.0E-12 7.7E-12 1.1E-11 1.3E-11 1.6E-11
   67   13   1   6.0E-15 9.0E-15 1.8E-14 3.1E-14 6.8E-14 1.9E-13 4.4E-13 6.2E-13 7.5E-13 8.4E-13
   68   13   2   2.2E-14 3.2E-14 6.3E-14 1.1E-13 2.3E-13 6.3E-13 1.4E-12 2.1E-12 2.6E-12 3.0E-12
   69   13   3   2.7E-14 4.0E-14 7.7E-14 1.2E-13 2.3E-13 4.8E-13 8.9E-13 1.3E-12 1.6E-12 1.9E-12
   70   13   4   1.2E-13 1.6E-13 2.8E-13 4.2E-13 7.2E-13 1.5E-12 3.1E-12 4.4E-12 5.4E-12 6.3E-12
   71   13   5   7.1E-14 9.9E-14 1.7E-13 2.5E-13 4.3E-13 9.2E-13 1.8E-12 2.4E-12 2.9E-12 3.3E-12
   72   13   6   1.9E-13 3.0E-13 6.6E-13 1.2E-12 2.6E-12 7.0E-12 1.5E-11 2.2E-11 2.6E-11 3.0E-11
   73   13   7   9.8E-13 1.3E-12 2.1E-12 3.0E-12 4.5E-12 7.6E-12 1.2E-11 1.6E-11 1.9E-11 2.2E-11
   74   13   8   5.6E-13 8.3E-13 1.6E-12 2.6E-12 5.0E-12 1.2E-11 2.6E-11 3.6E-11 4.4E-11 5.0E-11
   75   13   9   3.1E-13 4.4E-13 7.8E-13 1.2E-12 2.2E-12 4.9E-12 9.3E-12 1.2E-11 1.5E-11 1.6E-11
   76   13  10   4.4E-12 5.8E-12 8.6E-12 1.1E-11 1.6E-11 2.5E-11 3.6E-11 4.2E-11 4.6E-11 4.8E-11
   77   13  11   5.5E-12 7.0E-12 1.0E-11 1.4E-11 2.0E-11 3.2E-11 4.7E-11 5.5E-11 6.0E-11 6.3E-11
   78   13  12   8.7E-14 1.6E-13 3.7E-13 6.2E-13 1.2E-12 2.7E-12 5.2E-12 6.7E-12 7.7E-12 8.4E-12
   79   14   1   2.0E-14 3.2E-14 7.0E-14 1.2E-13 2.5E-13 5.7E-13 1.0E-12 1.3E-12 1.6E-12 1.7E-12
   80   14   2   1.2E-14 1.9E-14 4.4E-14 8.4E-14 2.0E-13 6.6E-13 1.7E-12 2.6E-12 3.2E-12 3.8E-12
   81   14   3   8.0E-15 1.3E-14 3.0E-14 5.7E-14 1.3E-13 3.9E-13 9.8E-13 1.5E-12 1.9E-12 2.3E-12
   82   14   4   1.3E-14 2.1E-14 5.2E-14 1.0E-13 2.5E-13 8.2E-13 2.2E-12 3.5E-12 4.4E-12 5.2E-12
   83   14   5   8.8E-14 1.3E-13 2.9E-13 5.0E-13 1.1E-12 3.2E-12 7.7E-12 1.1E-11 1.4E-11 1.7E-11
   84   14   6   9.5E-14 1.3E-13 2.2E-13 3.1E-13 4.7E-13 8.0E-13 1.4E-12 2.0E-12 2.5E-12 3.0E-12
   85   14   7   1.7E-13 2.5E-13 5.0E-13 8.5E-13 1.7E-12 4.5E-12 1.0E-11 1.5E-11 1.8E-11 2.2E-11
   86   14   8   5.4E-13 7.6E-13 1.3E-12 2.0E-12 3.4E-12 6.7E-12 1.2E-11 1.6E-11 1.8E-11 2.0E-11
   87   14   9   4.5E-13 6.3E-13 1.0E-12 1.5E-12 2.3E-12 3.7E-12 5.9E-12 7.6E-12 9.1E-12 1.0E-11
   88   14  10   1.1E-12 1.5E-12 2.5E-12 3.8E-12 6.6E-12 1.5E-11 2.8E-11 3.8E-11 4.5E-11 5.0E-11
   89   14  11   2.7E-13 3.4E-13 5.3E-13 7.7E-13 1.3E-12 3.1E-12 6.5E-12 9.1E-12 1.1E-11 1.3E-11
   90   14  12   2.2E-12 2.9E-12 4.5E-12 5.9E-12 8.4E-12 1.3E-11 1.8E-11 2.1E-11 2.3E-11 2.4E-11
   91   14  13   1.1E-11 1.4E-11 2.0E-11 2.6E-11 3.8E-11 6.4E-11 9.6E-11 1.1E-10 1.2E-10 1.3E-10
   92   15   1   2.8E-14 4.2E-14 8.9E-14 1.6E-13 3.5E-13 9.9E-13 2.2E-12 3.1E-12 3.8E-12 4.3E-12
   93   15   2   3.2E-14 4.8E-14 9.4E-14 1.5E-13 2.9E-13 6.0E-13 1.1E-12 1.4E-12 1.7E-12 1.9E-12
   94   15   3   2.6E-13 3.7E-13 7.1E-13 1.2E-12 2.3E-12 5.6E-12 1.1E-11 1.5E-11 1.7E-11 1.9E-11
   95   15   4   5.2E-14 7.5E-14 1.5E-13 2.6E-13 5.5E-13 1.5E-12 3.3E-12 4.5E-12 5.4E-12 6.1E-12
   96   15   5   4.5E-13 6.1E-13 1.1E-12 1.5E-12 2.5E-12 4.4E-12 7.8E-12 1.1E-11 1.3E-11 1.6E-11
   97   15   6   2.5E-13 3.4E-13 6.4E-13 1.0E-12 2.0E-12 4.8E-12 9.5E-12 1.3E-11 1.5E-11 1.6E-11
   98   15   7   1.4E-13 1.9E-13 3.5E-13 5.5E-13 1.0E-12 2.5E-12 5.3E-12 7.6E-12 9.3E-12 1.1E-11
   99   15   8   2.1E-13 2.7E-13 4.2E-13 5.7E-13 8.5E-13 1.5E-12 2.9E-12 4.2E-12 5.3E-12 6.3E-12
  100   15   9   8.4E-14 1.2E-13 2.3E-13 3.8E-13 7.6E-13 1.9E-12 3.8E-12 5.2E-12 6.2E-12 6.9E-12
  101   15  10   1.0E-12 1.4E-12 2.1E-12 2.9E-12 4.2E-12 6.3E-12 8.9E-12 1.1E-11 1.2E-11 1.3E-11
  102   15  11   1.0E-11 1.3E-11 2.0E-11 2.6E-11 3.9E-11 6.2E-11 9.0E-11 1.1E-10 1.1E-10 1.2E-10
  103   15  12   2.6E-13 3.5E-13 5.9E-13 9.1E-13 1.7E-12 4.0E-12 8.3E-12 1.1E-11 1.4E-11 1.6E-11
  104   15  13   4.8E-13 5.3E-13 6.7E-13 8.2E-13 1.1E-12 2.0E-12 3.7E-12 5.1E-12 6.3E-12 7.3E-12
  105   15  14   1.1E-13 2.3E-13 5.3E-13 8.5E-13 1.5E-12 2.7E-12 4.4E-12 5.4E-12 6.2E-12 6.8E-12
  106   16   1   1.1E-15 1.9E-15 4.7E-15 9.0E-15 2.1E-14 6.3E-14 1.6E-13 2.2E-13 2.7E-13 3.1E-13
  107   16   2   3.4E-15 6.2E-15 1.6E-14 3.4E-14 9.0E-14 3.3E-13 9.0E-13 1.4E-12 1.7E-12 1.9E-12
  108   16   3   6.3E-15 1.1E-14 2.8E-14 5.5E-14 1.4E-13 4.8E-13 1.2E-12 1.8E-12 2.3E-12 2.6E-12
  109   16   4   1.2E-13 2.1E-13 4.9E-13 9.0E-13 2.0E-12 5.6E-12 1.3E-11 1.8E-11 2.2E-11 2.6E-11
  110   16   5   6.8E-15 1.2E-14 3.1E-14 6.2E-14 1.6E-13 6.1E-13 1.9E-12 3.1E-12 4.2E-12 5.0E-12
  111   16   6   2.2E-14 3.8E-14 9.2E-14 1.8E-13 4.5E-13 1.5E-12 3.8E-12 5.7E-12 7.2E-12 8.4E-12
  112   16   7   2.4E-13 3.7E-13 7.3E-13 1.2E-12 2.4E-12 5.6E-12 1.1E-11 1.4E-11 1.6E-11 1.8E-11
  113   16   8   6.2E-14 9.4E-14 2.0E-13 3.4E-13 7.6E-13 2.3E-12 5.6E-12 8.3E-12 1.0E-11 1.2E-11
  114   16   9   2.9E-12 4.3E-12 8.1E-12 1.3E-11 2.2E-11 4.3E-11 7.0E-11 8.5E-11 9.6E-11 1.0E-10
  115   16  10   5.4E-13 7.4E-13 1.3E-12 2.0E-12 3.6E-12 7.5E-12 1.3E-11 1.6E-11 1.7E-11 1.8E-11
  116   16  11   1.0E-13 1.5E-13 2.8E-13 4.5E-13 9.0E-13 2.3E-12 5.3E-12 7.7E-12 9.5E-12 1.1E-11
  117   16  12   8.3E-12 1.0E-11 1.4E-11 1.7E-11 2.3E-11 3.2E-11 4.1E-11 4.5E-11 4.7E-11 5.0E-11
  118   16  13   3.3E-13 4.3E-13 6.8E-13 9.8E-13 1.7E-12 3.6E-12 7.3E-12 1.0E-11 1.3E-11 1.5E-11
  119   16  14   3.0E-13 4.4E-13 8.4E-13 1.3E-12 2.5E-12 5.6E-12 1.0E-11 1.3E-11 1.6E-11 1.7E-11
  120   16  15   4.3E-14 6.5E-14 1.4E-13 2.5E-13 5.8E-13 1.8E-12 4.4E-12 6.5E-12 8.1E-12 9.4E-12
  121   17   1   6.7E-15 1.2E-14 3.0E-14 6.2E-14 1.7E-13 6.3E-13 1.8E-12 2.7E-12 3.4E-12 4.0E-12
  122   17   2   1.9E-14 3.2E-14 7.8E-14 1.5E-13 3.4E-13 9.5E-13 2.2E-12 3.2E-12 4.1E-12 4.9E-12
  123   17   3   4.5E-15 7.2E-15 1.6E-14 2.8E-14 5.9E-14 1.4E-13 2.8E-13 3.8E-13 4.5E-13 5.1E-13
  124   17   4   2.1E-14 3.3E-14 7.2E-14 1.2E-13 2.5E-13 6.4E-13 1.6E-12 2.6E-12 3.6E-12 4.5E-12
  125   17   5   2.6E-14 4.2E-14 9.3E-14 1.7E-13 4.1E-13 1.4E-12 4.0E-12 6.3E-12 8.2E-12 9.8E-12
  126   17   6   1.1E-13 1.8E-13 4.0E-13 7.2E-13 1.6E-12 4.6E-12 1.1E-11 1.6E-11 2.0E-11 2.3E-11
  127   17   7   3.3E-14 4.9E-14 9.1E-14 1.4E-13 2.5E-13 5.4E-13 9.6E-13 1.2E-12 1.4E-12 1.5E-12
  128   17   8   8.9E-14 1.4E-13 3.1E-13 5.5E-13 1.2E-12 3.4E-12 8.1E-12 1.2E-11 1.5E-11 1.7E-11
  129   17   9   1.8E-14 3.2E-14 8.8E-14 1.9E-13 5.3E-13 2.0E-12 5.5E-12 8.5E-12 1.1E-11 1.3E-11
  130   17  10   1.5E-12 2.3E-12 4.2E-12 6.6E-12 1.2E-11 2.3E-11 3.9E-11 4.8E-11 5.5E-11 5.9E-11
  131   17  11   1.3E-13 1.8E-13 3.1E-13 4.5E-13 7.2E-13 1.4E-12 2.4E-12 3.2E-12 3.8E-12 4.3E-12
  132   17  12   1.6E-12 2.1E-12 3.4E-12 4.7E-12 7.6E-12 1.5E-11 2.5E-11 3.3E-11 3.8E-11 4.2E-11
  133   17  13   2.9E-13 3.8E-13 6.0E-13 8.4E-13 1.4E-12 3.0E-12 6.4E-12 9.4E-12 1.2E-11 1.4E-11
  134   17  14   9.4E-12 1.2E-11 1.6E-11 2.1E-11 3.0E-11 4.8E-11 7.0E-11 8.2E-11 9.0E-11 9.5E-11
  135   17  15   1.2E-13 1.6E-13 3.0E-13 4.7E-13 8.7E-13 2.0E-12 3.9E-12 5.2E-12 6.3E-12 7.1E-12
  136   17  16   9.4E-13 1.5E-12 2.8E-12 4.2E-12 6.7E-12 1.1E-11 1.5E-11 1.6E-11 1.8E-11 1.8E-11
  137   18   1   9.2E-16 1.4E-15 3.1E-15 5.7E-15 1.3E-14 3.9E-14 9.2E-14 1.3E-13 1.7E-13 1.9E-13
  138   18   2   7.6E-16 1.1E-15 2.5E-15 4.8E-15 1.1E-14 3.2E-14 8.1E-14 1.3E-13 1.8E-13 2.3E-13
  139   18   3   1.0E-14 1.7E-14 3.9E-14 7.6E-14 2.0E-13 7.0E-13 1.9E-12 2.9E-12 3.6E-12 4.2E-12
  140   18   4   3.1E-14 4.8E-14 1.0E-13 1.8E-13 3.9E-13 1.1E-12 2.5E-12 3.9E-12 5.1E-12 6.3E-12
  141   18   5   2.8E-14 4.4E-14 9.4E-14 1.7E-13 3.5E-13 9.1E-13 1.9E-12 2.8E-12 3.4E-12 4.0E-12
  142   18   6   7.8E-14 1.2E-13 2.4E-13 4.0E-13 8.2E-13 2.3E-12 6.0E-12 9.5E-12 1.3E-11 1.5E-11
  143   18   7   9.8E-14 1.5E-13 3.1E-13 5.5E-13 1.2E-12 3.3E-12 7.4E-12 1.0E-11 1.2E-11 1.4E-11
  144   18   8   5.1E-15 7.8E-15 1.7E-14 3.2E-14 7.9E-14 2.9E-13 8.2E-13 1.3E-12 1.6E-12 1.9E-12
  145   18   9   5.7E-14 8.3E-14 1.5E-13 2.4E-13 4.3E-13 9.4E-13 1.9E-12 2.7E-12 3.4E-12 4.0E-12
  146   18  10   3.4E-14 5.1E-14 1.1E-13 1.8E-13 4.2E-13 1.4E-12 3.8E-12 6.1E-12 8.0E-12 9.8E-12
  147   18  11   4.8E-13 7.2E-13 1.4E-12 2.3E-12 4.7E-12 1.2E-11 2.7E-11 3.9E-11 4.8E-11 5.6E-11
  148   18  12   7.4E-13 1.0E-12 1.7E-12 2.4E-12 3.6E-12 5.8E-12 8.5E-12 1.0E-11 1.2E-11 1.4E-11
  149   18  13   4.1E-12 5.6E-12 9.2E-12 1.3E-11 2.1E-11 3.7E-11 5.7E-11 6.9E-11 7.6E-11 8.2E-11
  150   18  14   7.9E-13 1.0E-12 1.5E-12 2.0E-12 3.1E-12 5.7E-12 9.8E-12 1.3E-11 1.5E-11 1.6E-11
  151   18  15   3.9E-12 5.2E-12 8.0E-12 1.1E-11 1.6E-11 2.6E-11 3.8E-11 4.5E-11 5.0E-11 5.3E-11
  152   18  16   1.8E-13 2.5E-13 4.5E-13 7.1E-13 1.4E-12 3.1E-12 5.6E-12 7.2E-12 8.3E-12 9.1E-12
  153   18  17   1.4E-12 1.9E-12 2.9E-12 4.0E-12 6.1E-12 9.6E-12 1.3E-11 1.5E-11 1.6E-11 1.7E-11
  154   19   1   9.2E-15 1.5E-14 3.4E-14 6.0E-14 1.3E-13 3.8E-13 9.6E-13 1.5E-12 2.0E-12 2.4E-12
  155   19   2   1.5E-14 2.5E-14 5.5E-14 1.0E-13 2.5E-13 8.0E-13 1.9E-12 2.7E-12 3.2E-12 3.6E-12
  156   19   3   1.5E-14 2.5E-14 5.5E-14 1.0E-13 2.3E-13 6.9E-13 1.7E-12 2.4E-12 3.0E-12 3.4E-12
  157   19   4   1.5E-14 2.4E-14 5.2E-14 9.3E-14 2.1E-13 6.2E-13 1.6E-12 2.5E-12 3.3E-12 3.9E-12
  158   19   5   1.6E-13 2.4E-13 5.0E-13 8.7E-13 1.8E-12 4.7E-12 9.6E-12 1.3E-11 1.5E-11 1.7E-11
  159   19   6   2.1E-14 3.5E-14 7.9E-14 1.5E-13 3.4E-13 1.1E-12 2.6E-12 3.7E-12 4.6E-12 5.2E-12
  160   19   7   3.7E-14 5.8E-14 1.2E-13 2.1E-13 4.3E-13 1.1E-12 2.4E-12 3.3E-12 4.1E-12 4.6E-12
  161   19   8   2.8E-13 4.2E-13 7.7E-13 1.2E-12 1.9E-12 3.6E-12 7.0E-12 1.1E-11 1.4E-11 1.7E-11
  162   19   9   2.0E-14 3.3E-14 7.3E-14 1.3E-13 3.1E-13 9.9E-13 2.4E-12 3.5E-12 4.3E-12 4.9E-12
  163   19  10   2.0E-13 3.1E-13 6.1E-13 1.0E-12 2.0E-12 4.9E-12 9.8E-12 1.3E-11 1.5E-11 1.7E-11
  164   19  11   2.5E-13 3.2E-13 5.2E-13 7.2E-13 1.1E-12 1.7E-12 2.6E-12 3.5E-12 4.2E-12 4.9E-12
  165   19  12   5.5E-14 8.3E-14 1.6E-13 2.6E-13 5.2E-13 1.4E-12 3.2E-12 4.6E-12 5.6E-12 6.4E-12
  166   19  13   5.9E-13 8.3E-13 1.4E-12 2.0E-12 3.1E-12 5.0E-12 7.2E-12 8.8E-12 1.0E-11 1.1E-11
  167   19  14   1.7E-13 2.4E-13 4.0E-13 5.9E-13 1.1E-12 2.5E-12 5.0E-12 6.8E-12 8.2E-12 9.3E-12
  168   19  15   8.3E-12 1.1E-11 1.8E-11 2.5E-11 3.8E-11 6.3E-11 9.2E-11 1.1E-10 1.2E-10 1.2E-10
  169   19  16   1.4E-14 2.1E-14 4.5E-14 8.3E-14 2.0E-13 7.0E-13 2.0E-12 3.2E-12 4.2E-12 4.9E-12
  170   19  17   2.1E-13 2.7E-13 4.4E-13 6.3E-13 1.0E-12 2.3E-12 4.7E-12 6.9E-12 8.7E-12 1.0E-11
  171   19  18   2.2E-13 2.8E-13 3.8E-13 4.9E-13 7.3E-13 1.3E-12 2.4E-12 3.2E-12 3.9E-12 4.4E-12
  172   20   1   1.1E-15 2.2E-15 6.3E-15 1.4E-14 4.4E-14 2.0E-13 7.5E-13 1.3E-12 1.9E-12 2.3E-12
  173   20   2   1.9E-15 3.5E-15 1.0E-14 2.2E-14 6.3E-14 2.4E-13 6.9E-13 1.1E-12 1.4E-12 1.6E-12
  174   20   3   1.1E-14 2.0E-14 5.4E-14 1.1E-13 3.2E-13 1.2E-12 3.6E-12 5.7E-12 7.4E-12 8.9E-12
  175   20   4   2.6E-14 4.6E-14 1.2E-13 2.2E-13 5.2E-13 1.4E-12 2.8E-12 3.7E-12 4.2E-12 4.6E-12
  176   20   5   6.9E-15 1.2E-14 3.2E-14 6.6E-14 1.7E-13 6.2E-13 1.8E-12 2.8E-12 3.6E-12 4.3E-12
  177   20   6   9.6E-15 1.6E-14 3.9E-14 7.4E-14 1.8E-13 6.1E-13 1.8E-12 2.9E-12 3.8E-12 4.7E-12
  178   20   7   8.2E-14 1.4E-13 3.4E-13 6.5E-13 1.5E-12 4.5E-12 1.1E-11 1.6E-11 2.0E-11 2.4E-11
  179   20   8   3.1E-15 5.6E-15 1.6E-14 3.2E-14 8.7E-14 3.0E-13 8.0E-13 1.2E-12 1.6E-12 1.8E-12
  180   20   9   9.5E-14 1.5E-13 3.1E-13 5.2E-13 9.5E-13 1.9E-12 3.6E-12 5.1E-12 6.4E-12 7.6E-12
  181   20  10   6.9E-14 1.1E-13 2.3E-13 4.1E-13 8.8E-13 2.5E-12 5.8E-12 8.7E-12 1.1E-11 1.3E-11
  182   20  11   2.0E-14 3.2E-14 6.9E-14 1.2E-13 2.8E-13 8.6E-13 2.4E-12 4.0E-12 5.4E-12 6.7E-12
  183   20  12   1.7E-12 2.6E-12 5.1E-12 8.2E-12 1.5E-11 3.2E-11 5.4E-11 6.8E-11 7.8E-11 8.4E-11
  184   20  13   8.6E-14 1.2E-13 2.1E-13 3.2E-13 5.5E-13 1.2E-12 2.6E-12 3.8E-12 4.8E-12 5.6E-12
  185   20  14   2.3E-13 3.0E-13 5.0E-13 7.5E-13 1.3E-12 2.7E-12 4.9E-12 6.3E-12 7.4E-12 8.3E-12
  186   20  15   7.4E-14 1.1E-13 2.1E-13 3.3E-13 6.6E-13 1.8E-12 4.7E-12 7.3E-12 9.4E-12 1.1E-11
  187   20  16   9.0E-13 1.2E-12 1.8E-12 2.5E-12 4.0E-12 8.0E-12 1.7E-11 2.4E-11 3.0E-11 3.5E-11
  188   20  17   6.8E-12 8.3E-12 1.2E-11 1.5E-11 2.1E-11 3.1E-11 4.3E-11 4.9E-11 5.3E-11 5.6E-11
  189   20  18   3.2E-13 4.4E-13 8.0E-13 1.3E-12 2.3E-12 5.3E-12 9.8E-12 1.3E-11 1.4E-11 1.6E-11
  190   20  19   4.5E-14 6.6E-14 1.4E-13 2.4E-13 5.2E-13 1.5E-12 3.5E-12 5.2E-12 6.5E-12 7.5E-12
  191   21   1   6.1E-15 1.0E-14 2.7E-14 5.7E-14 1.6E-13 6.2E-13 1.8E-12 2.9E-12 3.7E-12 4.5E-12
  192   21   2   1.3E-15 2.5E-15 7.1E-15 1.5E-14 4.4E-14 1.8E-13 5.8E-13 9.5E-13 1.3E-12 1.6E-12
  193   21   3   7.6E-15 1.3E-14 3.2E-14 6.2E-14 1.5E-13 5.0E-13 1.4E-12 2.3E-12 3.0E-12 3.7E-12
  194   21   4   1.3E-15 2.3E-15 6.2E-15 1.2E-14 3.0E-14 1.0E-13 3.4E-13 6.1E-13 8.9E-13 1.1E-12
  195   21   5   2.4E-15 4.2E-15 1.1E-14 2.3E-14 6.0E-14 2.3E-13 6.9E-13 1.1E-12 1.5E-12 1.8E-12
  196   21   6   7.3E-15 1.2E-14 2.7E-14 5.0E-14 1.2E-13 3.6E-13 8.6E-13 1.3E-12 1.6E-12 1.9E-12
  197   21   7   1.7E-14 2.7E-14 5.7E-14 1.0E-13 2.3E-13 7.3E-13 2.3E-12 3.9E-12 5.5E-12 6.9E-12
  198   21   8   5.7E-14 9.2E-14 2.1E-13 3.9E-13 8.8E-13 2.5E-12 6.0E-12 8.9E-12 1.1E-11 1.3E-11
  199   21   9   4.7E-14 7.5E-14 1.7E-13 3.0E-13 6.7E-13 1.9E-12 4.2E-12 6.0E-12 7.5E-12 8.7E-12
  200   21  10   1.3E-14 2.0E-14 4.5E-14 8.0E-14 1.8E-13 5.1E-13 1.2E-12 1.8E-12 2.2E-12 2.6E-12
  201   21  11   8.5E-14 1.3E-13 2.7E-13 4.6E-13 9.5E-13 2.6E-12 6.1E-12 9.2E-12 1.2E-11 1.4E-11
  202   21  12   2.8E-14 4.2E-14 8.6E-14 1.5E-13 3.5E-13 1.2E-12 3.5E-12 5.8E-12 7.9E-12 9.9E-12
  203   21  13   2.8E-13 4.3E-13 8.7E-13 1.5E-12 3.1E-12 8.3E-12 1.9E-11 2.8E-11 3.6E-11 4.2E-11
  204   21  14   1.9E-12 2.7E-12 5.0E-12 7.6E-12 1.3E-11 2.6E-11 4.4E-11 5.5E-11 6.3E-11 6.8E-11
  205   21  15   9.6E-14 1.3E-13 2.2E-13 3.2E-13 5.7E-13 1.3E-12 2.9E-12 4.3E-12 5.4E-12 6.5E-12
  206   21  16   4.1E-13 5.7E-13 9.4E-13 1.3E-12 2.1E-12 3.4E-12 4.8E-12 5.6E-12 6.2E-12 6.7E-12
  207   21  17   8.0E-13 1.1E-12 2.1E-12 3.2E-12 5.5E-12 1.1E-11 2.0E-11 2.5E-11 2.8E-11 3.0E-11
  208   21  18   5.9E-12 7.7E-12 1.2E-11 1.6E-11 2.3E-11 3.8E-11 5.4E-11 6.3E-11 6.8E-11 7.1E-11
  209   21  19   2.8E-13 3.8E-13 6.0E-13 8.2E-13 1.3E-12 2.1E-12 3.5E-12 4.6E-12 5.6E-12 6.5E-12
  210   21  20   1.8E-12 2.4E-12 3.9E-12 5.4E-12 8.1E-12 1.3E-11 1.8E-11 2.0E-11 2.2E-11 2.4E-11
  211   22   1   3.6E-16 5.7E-16 1.4E-15 2.8E-15 7.3E-15 2.5E-14 6.1E-14 8.8E-14 1.1E-13 1.3E-13
  212   22   2   6.4E-16 1.0E-15 2.4E-15 4.5E-15 1.0E-14 3.3E-14 1.0E-13 1.9E-13 2.8E-13 3.7E-13
  213   22   3   2.7E-16 4.8E-16 1.3E-15 2.9E-15 9.8E-15 5.5E-14 2.4E-13 4.7E-13 6.9E-13 8.9E-13
  214   22   4   2.3E-15 3.8E-15 9.4E-15 2.0E-14 5.5E-14 2.2E-13 6.7E-13 1.1E-12 1.5E-12 1.8E-12
  215   22   5   7.5E-15 1.2E-14 3.0E-14 6.0E-14 1.6E-13 5.9E-13 1.7E-12 2.6E-12 3.4E-12 4.0E-12
  216   22   6   2.3E-14 3.5E-14 7.9E-14 1.5E-13 3.7E-13 1.2E-12 3.2E-12 4.8E-12 6.1E-12 7.3E-12
  217   22   7   4.2E-15 7.0E-15 1.7E-14 3.2E-14 8.0E-14 2.7E-13 7.1E-13 1.1E-12 1.4E-12 1.8E-12
  218   22   8   9.3E-15 1.5E-14 3.4E-14 5.9E-14 1.3E-13 3.2E-13 7.1E-13 1.1E-12 1.5E-12 1.8E-12
  219   22   9   1.4E-14 2.3E-14 5.1E-14 8.8E-14 1.8E-13 4.2E-13 8.8E-13 1.3E-12 1.7E-12 2.1E-12
  220   22  10   6.5E-14 9.4E-14 1.8E-13 3.0E-13 6.1E-13 1.7E-12 4.4E-12 7.1E-12 9.5E-12 1.2E-11
  221   22  11   1.1E-14 1.8E-14 3.9E-14 6.7E-14 1.5E-13 4.2E-13 1.1E-12 1.7E-12 2.1E-12 2.5E-12
  222   22  12   8.7E-14 1.4E-13 3.0E-13 5.2E-13 1.1E-12 3.0E-12 6.5E-12 9.2E-12 1.1E-11 1.3E-11
  223   22  13   1.1E-13 1.5E-13 2.7E-13 4.5E-13 9.5E-13 2.7E-12 6.4E-12 9.5E-12 1.2E-11 1.4E-11
  224   22  14   4.2E-13 6.2E-13 1.1E-12 1.7E-12 2.8E-12 5.3E-12 9.2E-12 1.2E-11 1.5E-11 1.7E-11
  225   22  15   3.6E-13 5.6E-13 1.1E-12 1.9E-12 3.9E-12 1.0E-11 2.3E-11 3.3E-11 4.0E-11 4.7E-11
  226   22  16   3.0E-14 4.4E-14 9.0E-14 1.6E-13 3.4E-13 1.0E-12 2.4E-12 3.5E-12 4.4E-12 5.2E-12
  227   22  17   2.0E-13 2.6E-13 4.5E-13 7.1E-13 1.4E-12 3.6E-12 7.7E-12 1.1E-11 1.3E-11 1.4E-11
  228   22  18   4.1E-12 5.7E-12 9.5E-12 1.3E-11 2.1E-11 3.7E-11 5.6E-11 6.7E-11 7.4E-11 7.8E-11
  229   22  19   3.2E-12 4.4E-12 7.1E-12 9.8E-12 1.5E-11 2.5E-11 3.6E-11 4.3E-11 4.7E-11 5.1E-11
  230   22  20   2.3E-13 3.2E-13 5.3E-13 7.5E-13 1.2E-12 2.4E-12 4.2E-12 5.6E-12 6.7E-12 7.6E-12
  231   22  21   3.5E-13 3.9E-13 4.8E-13 5.9E-13 8.3E-13 1.4E-12 2.4E-12 3.2E-12 3.8E-12 4.4E-12
  232   23   1   6.6E-17 1.2E-16 3.7E-16 8.7E-16 2.8E-15 1.3E-14 4.3E-14 7.0E-14 9.2E-14 1.1E-13
  233   23   2   1.8E-16 3.5E-16 1.1E-15 2.5E-15 8.2E-15 3.8E-14 1.3E-13 2.1E-13 2.7E-13 3.2E-13
  234   23   3   2.7E-16 5.3E-16 1.7E-15 4.0E-15 1.3E-14 6.4E-14 2.4E-13 4.2E-13 5.8E-13 7.2E-13
  235   23   4   3.7E-15 6.7E-15 1.9E-14 4.1E-14 1.2E-13 4.8E-13 1.4E-12 2.2E-12 2.8E-12 3.3E-12
  236   23   5   3.9E-16 7.5E-16 2.3E-15 5.4E-15 1.8E-14 9.4E-14 3.8E-13 7.0E-13 1.0E-12 1.3E-12
  237   23   6   9.9E-16 1.9E-15 5.7E-15 1.3E-14 4.4E-14 2.1E-13 7.7E-13 1.3E-12 1.8E-12 2.3E-12
  238   23   7   1.0E-14 1.8E-14 4.6E-14 9.5E-14 2.6E-13 9.3E-13 2.6E-12 3.9E-12 5.1E-12 6.0E-12
  239   23   8   2.4E-15 4.2E-15 1.2E-14 2.7E-14 8.2E-14 3.7E-13 1.3E-12 2.3E-12 3.3E-12 4.1E-12
  240   23   9   8.8E-14 1.5E-13 3.8E-13 7.4E-13 1.8E-12 5.6E-12 1.3E-11 2.0E-11 2.5E-11 2.9E-11
  241   23  10   2.3E-14 3.8E-14 9.2E-14 1.8E-13 4.8E-13 1.7E-12 4.4E-12 6.8E-12 8.6E-12 1.0E-11
  242   23  11   8.1E-15 1.3E-14 2.9E-14 5.6E-14 1.4E-13 5.3E-13 1.6E-12 2.7E-12 3.7E-12 4.6E-12
  243   23  12   1.8E-13 2.8E-13 5.9E-13 1.0E-12 2.2E-12 5.7E-12 1.1E-11 1.5E-11 1.8E-11 2.0E-11
  244   23  13   2.3E-14 3.5E-14 7.5E-14 1.4E-13 3.2E-13 1.0E-12 2.8E-12 4.4E-12 5.7E-12 6.9E-12
  245   23  14   5.7E-14 8.4E-14 1.7E-13 3.0E-13 6.6E-13 1.9E-12 4.7E-12 7.1E-12 9.0E-12 1.1E-11
  246   23  15   1.3E-14 2.0E-14 4.3E-14 7.9E-14 1.9E-13 6.7E-13 2.0E-12 3.2E-12 4.2E-12 5.1E-12
  247   23  16   1.9E-12 2.8E-12 5.6E-12 9.2E-12 1.7E-11 3.8E-11 6.7E-11 8.6E-11 9.9E-11 1.1E-10
  248   23  17   5.3E-13 7.2E-13 1.2E-12 1.9E-12 3.3E-12 7.1E-12 1.2E-11 1.6E-11 1.7E-11 1.9E-11
  249   23  18   8.9E-14 1.3E-13 2.5E-13 4.1E-13 8.5E-13 2.3E-12 5.1E-12 7.2E-12 8.8E-12 9.9E-12
  250   23  19   9.3E-15 1.4E-14 3.2E-14 6.0E-14 1.5E-13 5.6E-13 1.8E-12 3.0E-12 4.1E-12 5.1E-12
  251   23  20   6.3E-12 8.0E-12 1.1E-11 1.5E-11 2.0E-11 3.0E-11 3.8E-11 4.2E-11 4.4E-11 4.6E-11
  252   23  21   3.8E-13 5.3E-13 9.6E-13 1.5E-12 2.7E-12 5.9E-12 1.0E-11 1.3E-11 1.5E-11 1.6E-11
  253   23  22   3.1E-14 4.6E-14 9.9E-14 1.8E-13 4.1E-13 1.3E-12 3.2E-12 5.0E-12 6.5E-12 7.8E-12
  254   24   1   5.3E-15 8.2E-15 2.0E-14 3.9E-14 1.0E-13 3.6E-13 9.4E-13 1.4E-12 1.8E-12 2.0E-12
  255   24   2   2.7E-15 4.1E-15 1.0E-14 2.1E-14 6.4E-14 2.9E-13 1.1E-12 1.9E-12 2.7E-12 3.4E-12
  256   24   3   7.8E-15 1.2E-14 2.5E-14 4.5E-14 1.0E-13 2.9E-13 6.7E-13 9.7E-13 1.2E-12 1.4E-12
  257   24   4   7.4E-15 1.1E-14 2.7E-14 5.3E-14 1.4E-13 5.0E-13 1.4E-12 2.1E-12 2.7E-12 3.2E-12
  258   24   5   1.5E-14 2.3E-14 5.0E-14 9.6E-14 2.4E-13 8.2E-13 2.4E-12 3.9E-12 5.3E-12 6.5E-12
  259   24   6   8.8E-15 1.3E-14 2.8E-14 5.1E-14 1.2E-13 3.8E-13 1.0E-12 1.7E-12 2.3E-12 2.8E-12
  260   24   7   1.0E-14 1.6E-14 3.5E-14 6.9E-14 1.8E-13 6.1E-13 1.6E-12 2.4E-12 3.1E-12 3.6E-12
  261   24   8   1.3E-13 1.9E-13 4.0E-13 7.2E-13 1.6E-12 4.5E-12 9.8E-12 1.4E-11 1.7E-11 2.0E-11
  262   24   9   6.7E-15 1.0E-14 2.3E-14 4.5E-14 1.2E-13 4.9E-13 1.6E-12 2.8E-12 3.8E-12 4.7E-12
  263   24  10   2.1E-14 3.0E-14 6.4E-14 1.2E-13 2.8E-13 9.4E-13 2.7E-12 4.4E-12 6.0E-12 7.3E-12
  264   24  11   2.0E-13 2.8E-13 5.3E-13 8.2E-13 1.4E-12 2.8E-12 5.0E-12 7.0E-12 8.9E-12 1.1E-11
  265   24  12   1.7E-14 2.5E-14 5.1E-14 9.0E-14 2.0E-13 5.6E-13 1.3E-12 2.0E-12 2.5E-12 3.0E-12
  266   24  13   1.4E-13 1.9E-13 3.8E-13 6.5E-13 1.3E-12 3.5E-12 7.2E-12 1.0E-11 1.2E-11 1.4E-11
  267   24  14   3.8E-14 5.3E-14 1.0E-13 1.7E-13 3.7E-13 1.1E-12 2.7E-12 4.1E-12 5.3E-12 6.3E-12
  268   24  15   2.6E-13 3.5E-13 6.0E-13 8.7E-13 1.4E-12 2.3E-12 3.5E-12 4.4E-12 5.4E-12 6.2E-12
  269   24  16   7.3E-15 1.1E-14 2.3E-14 4.5E-14 1.2E-13 4.5E-13 1.4E-12 2.4E-12 3.3E-12 4.1E-12
  270   24  17   5.3E-14 7.2E-14 1.4E-13 2.4E-13 5.1E-13 1.4E-12 3.2E-12 4.8E-12 6.1E-12 7.2E-12
  271   24  18   6.6E-13 8.6E-13 1.4E-12 2.1E-12 3.3E-12 5.6E-12 8.0E-12 9.5E-12 1.1E-11 1.1E-11
  272   24  19   8.0E-12 1.0E-11 1.6E-11 2.3E-11 3.6E-11 6.2E-11 9.4E-11 1.1E-10 1.2E-10 1.3E-10
  273   24  20   1.8E-14 2.5E-14 4.7E-14 8.1E-14 1.8E-13 5.7E-13 1.6E-12 2.5E-12 3.2E-12 4.0E-12
  274   24  21   2.3E-13 2.8E-13 4.3E-13 6.3E-13 1.1E-12 2.6E-12 5.4E-12 7.4E-12 8.9E-12 1.0E-11
  275   24  22   3.3E-13 3.5E-13 4.3E-13 5.3E-13 7.6E-13 1.4E-12 2.9E-12 4.2E-12 5.4E-12 6.4E-12
  276   24  23   7.1E-16 1.4E-15 4.7E-15 1.2E-14 4.2E-14 2.2E-13 8.7E-13 1.6E-12 2.3E-12 2.9E-12
  277   25   1   6.0E-16 1.1E-15 3.4E-15 8.2E-15 2.9E-14 1.6E-13 6.6E-13 1.2E-12 1.8E-12 2.3E-12
  278   25   2   3.4E-15 5.9E-15 1.7E-14 3.9E-14 1.2E-13 5.2E-13 1.7E-12 2.9E-12 4.0E-12 4.9E-12
  279   25   3   2.6E-16 4.5E-16 1.3E-15 2.9E-15 8.2E-15 2.9E-14 7.0E-14 9.8E-14 1.2E-13 1.3E-13
  280   25   4   6.4E-15 1.1E-14 2.8E-14 5.9E-14 1.6E-13 5.0E-13 1.2E-12 1.7E-12 2.1E-12 2.5E-12
  281   25   5   2.5E-15 4.6E-15 1.3E-14 2.8E-14 8.5E-14 3.8E-13 1.3E-12 2.4E-12 3.3E-12 4.1E-12
  282   25   6   3.1E-15 5.3E-15 1.4E-14 3.0E-14 8.5E-14 3.4E-13 1.1E-12 1.7E-12 2.3E-12 2.8E-12
  283   25   7   2.2E-15 3.5E-15 8.6E-15 1.7E-14 4.1E-14 1.2E-13 2.7E-13 3.8E-13 4.6E-13 5.3E-13
  284   25   8   9.1E-15 1.6E-14 4.1E-14 8.5E-14 2.4E-13 9.8E-13 3.1E-12 5.3E-12 7.3E-12 9.0E-12
  285   25   9   7.4E-15 1.1E-14 2.5E-14 4.5E-14 9.7E-14 2.8E-13 8.1E-13 1.4E-12 2.0E-12 2.6E-12
  286   25  10   6.9E-14 1.1E-13 2.7E-13 5.3E-13 1.3E-12 4.0E-12 9.8E-12 1.5E-11 1.8E-11 2.2E-11
  287   25  11   5.1E-15 8.2E-15 2.0E-14 3.8E-14 9.9E-14 3.5E-13 1.0E-12 1.7E-12 2.2E-12 2.7E-12
  288   25  12   2.8E-14 4.2E-14 8.7E-14 1.5E-13 3.1E-13 8.2E-13 2.0E-12 3.0E-12 3.9E-12 4.7E-12
  289   25  13   2.6E-14 4.0E-14 8.5E-14 1.5E-13 3.2E-13 8.7E-13 2.0E-12 3.0E-12 3.9E-12 4.7E-12
  290   25  14   9.2E-14 1.4E-13 3.1E-13 5.6E-13 1.2E-12 3.5E-12 8.6E-12 1.3E-11 1.7E-11 2.0E-11
  291   25  15   8.0E-15 1.2E-14 2.6E-14 4.5E-14 9.8E-14 3.0E-13 8.4E-13 1.4E-12 1.8E-12 2.3E-12
  292   25  16   2.2E-14 4.0E-14 1.1E-13 2.4E-13 6.5E-13 2.3E-12 6.1E-12 9.4E-12 1.2E-11 1.5E-11
  293   25  17   1.3E-12 1.9E-12 3.9E-12 6.4E-12 1.2E-11 2.7E-11 4.9E-11 6.2E-11 7.2E-11 7.8E-11
  294   25  18   1.2E-13 1.6E-13 2.8E-13 4.2E-13 7.4E-13 1.6E-12 3.1E-12 4.2E-12 5.0E-12 5.8E-12
  295   25  19   5.1E-14 7.6E-14 1.5E-13 2.5E-13 5.1E-13 1.4E-12 3.3E-12 5.1E-12 6.7E-12 8.2E-12
  296   25  20   7.9E-13 1.1E-12 1.9E-12 2.8E-12 4.7E-12 9.6E-12 1.8E-11 2.3E-11 2.7E-11 3.0E-11
  297   25  21   5.8E-12 7.5E-12 1.1E-11 1.5E-11 2.2E-11 3.4E-11 4.8E-11 5.5E-11 5.9E-11 6.3E-11
  298   25  22   5.0E-13 6.3E-13 9.7E-13 1.3E-12 2.1E-12 3.6E-12 5.6E-12 7.2E-12 8.5E-12 9.7E-12
  299   25  23   6.3E-13 1.1E-12 2.3E-12 3.6E-12 6.1E-12 1.1E-11 1.5E-11 1.6E-11 1.7E-11 1.7E-11
  300   25  24   2.6E-14 4.3E-14 9.8E-14 1.8E-13 3.9E-13 1.2E-12 3.1E-12 4.9E-12 6.5E-12 7.8E-12
  301   26   1   4.3E-16 7.4E-16 2.1E-15 4.8E-15 1.6E-14 7.8E-14 3.0E-13 5.4E-13 7.6E-13 9.6E-13
  302   26   2   2.6E-16 4.4E-16 1.2E-15 2.5E-15 6.8E-15 2.3E-14 5.6E-14 7.7E-14 9.1E-14 1.0E-13
  303   26   3   2.9E-15 4.8E-15 1.3E-14 2.7E-14 7.9E-14 3.3E-13 1.0E-12 1.8E-12 2.4E-12 3.0E-12
  304   26   4   5.0E-16 8.4E-16 2.4E-15 5.2E-15 1.5E-14 6.0E-14 1.7E-13 2.7E-13 3.4E-13 4.0E-13
  305   26   5   3.7E-15 5.7E-15 1.3E-14 2.4E-14 5.6E-14 1.5E-13 3.3E-13 4.7E-13 5.8E-13 6.7E-13
  306   26   6   1.1E-15 1.7E-15 4.0E-15 7.8E-15 2.0E-14 7.7E-14 2.4E-13 3.9E-13 5.2E-13 6.4E-13
  307   26   7   4.2E-15 7.0E-15 1.8E-14 3.6E-14 9.5E-14 3.4E-13 1.0E-12 1.6E-12 2.2E-12 2.7E-12
  308   26   8   1.1E-15 1.8E-15 4.7E-15 9.9E-15 2.9E-14 1.2E-13 3.7E-13 6.2E-13 8.5E-13 1.1E-12
  309   26   9   2.5E-16 3.9E-16 9.8E-16 2.2E-15 7.5E-15 4.6E-14 2.3E-13 4.9E-13 7.6E-13 1.0E-12
  310   26  10   2.3E-15 3.7E-15 8.2E-15 1.5E-14 3.2E-14 1.3E-13 5.7E-13 1.2E-12 1.8E-12 2.4E-12
  311   26  11   2.6E-14 4.1E-14 9.4E-14 1.8E-13 4.2E-13 1.3E-12 3.4E-12 5.3E-12 6.9E-12 8.3E-12
  312   26  12   1.9E-14 3.0E-14 6.9E-14 1.3E-13 3.1E-13 9.8E-13 2.6E-12 4.0E-12 5.1E-12 6.2E-12
  313   26  13   3.7E-14 5.6E-14 1.1E-13 1.7E-13 2.9E-13 5.9E-13 1.2E-12 1.8E-12 2.3E-12 2.8E-12
  314   26  14   9.8E-14 1.5E-13 3.5E-13 6.5E-13 1.5E-12 4.6E-12 1.1E-11 1.6E-11 2.1E-11 2.4E-11
  315   26  15   1.1E-13 1.6E-13 3.1E-13 5.2E-13 1.0E-12 2.5E-12 5.5E-12 7.9E-12 9.9E-12 1.2E-11
  316   26  16   1.9E-14 3.1E-14 7.4E-14 1.4E-13 3.0E-13 7.9E-13 1.7E-12 2.6E-12 3.4E-12 4.0E-12
  317   26  17   2.7E-13 4.0E-13 7.5E-13 1.2E-12 2.1E-12 4.3E-12 8.5E-12 1.2E-11 1.5E-11 1.8E-11
  318   26  18   3.6E-13 5.2E-13 1.0E-12 1.8E-12 3.6E-12 9.5E-12 2.1E-11 3.0E-11 3.8E-11 4.4E-11
  319   26  19   1.2E-13 1.6E-13 2.7E-13 4.1E-13 7.3E-13 1.6E-12 3.3E-12 4.6E-12 5.6E-12 6.5E-12
  320   26  20   1.4E-13 2.0E-13 3.7E-13 5.9E-13 1.2E-12 3.0E-12 6.3E-12 8.9E-12 1.1E-11 1.3E-11
  321   26  21   2.1E-12 2.8E-12 4.6E-12 6.4E-12 9.8E-12 1.6E-11 2.5E-11 2.9E-11 3.2E-11 3.5E-11
  322   26  22   9.0E-12 1.1E-11 1.6E-11 2.1E-11 3.1E-11 5.0E-11 7.4E-11 8.7E-11 9.5E-11 1.0E-10
  323   26  23   3.1E-14 4.6E-14 9.8E-14 1.7E-13 3.7E-13 1.0E-12 2.4E-12 3.5E-12 4.4E-12 5.2E-12
  324   26  24   1.8E-13 2.3E-13 3.7E-13 5.3E-13 8.5E-13 1.5E-12 2.4E-12 3.1E-12 3.7E-12 4.2E-12
  325   26  25   9.3E-14 1.2E-13 2.3E-13 3.8E-13 7.6E-13 1.8E-12 3.6E-12 5.0E-12 6.0E-12 6.8E-12
  326   27   1   3.2E-17 5.4E-17 1.5E-16 3.2E-16 9.2E-16 3.3E-15 8.2E-15 1.2E-14 1.6E-14 2.0E-14
  327   27   2   1.7E-17 3.7E-17 1.3E-16 2.9E-16 7.8E-16 2.8E-15 1.1E-14 2.3E-14 3.8E-14 5.3E-14
  328   27   3   2.7E-16 4.9E-16 1.5E-15 3.8E-15 1.4E-14 8.5E-14 3.7E-13 6.9E-13 9.9E-13 1.3E-12
  329   27   4   1.1E-15 2.0E-15 6.0E-15 1.3E-14 4.0E-14 1.6E-13 5.1E-13 8.6E-13 1.2E-12 1.4E-12
  330   27   5   1.9E-15 3.3E-15 9.0E-15 2.0E-14 6.3E-14 2.8E-13 9.5E-13 1.6E-12 2.2E-12 2.8E-12
  331   27   6   4.5E-15 7.7E-15 2.0E-14 4.1E-14 1.1E-13 4.1E-13 1.2E-12 2.0E-12 2.6E-12 3.2E-12
  332   27   7   2.9E-15 5.0E-15 1.3E-14 2.8E-14 8.2E-14 3.3E-13 1.0E-12 1.7E-12 2.2E-12 2.7E-12
  333   27   8   2.4E-16 3.9E-16 9.0E-16 1.7E-15 4.7E-15 2.1E-14 7.7E-14 1.4E-13 1.9E-13 2.4E-13
  334   27   9   3.0E-15 5.1E-15 1.3E-14 2.7E-14 7.1E-14 2.5E-13 6.7E-13 1.1E-12 1.4E-12 1.7E-12
  335   27  10   1.6E-15 2.5E-15 5.4E-15 1.0E-14 2.5E-14 1.1E-13 4.4E-13 8.5E-13 1.3E-12 1.6E-12
  336   27  11   6.2E-15 1.1E-14 2.7E-14 5.5E-14 1.5E-13 6.0E-13 1.9E-12 3.1E-12 4.2E-12 5.1E-12
  337   27  12   1.2E-14 1.9E-14 4.4E-14 8.5E-14 2.1E-13 6.8E-13 1.8E-12 2.8E-12 3.7E-12 4.5E-12
  338   27  13   5.0E-14 8.2E-14 1.9E-13 3.7E-13 9.1E-13 2.9E-12 7.4E-12 1.1E-11 1.5E-11 1.8E-11
  339   27  14   2.3E-14 3.5E-14 7.1E-14 1.1E-13 2.1E-13 4.8E-13 1.0E-12 1.5E-12 1.9E-12 2.3E-12
  340   27  15   2.1E-14 3.4E-14 8.1E-14 1.6E-13 3.8E-13 1.2E-12 3.1E-12 4.7E-12 6.0E-12 7.2E-12
  341   27  16   7.9E-15 1.2E-14 2.3E-14 3.8E-14 7.3E-14 1.9E-13 5.2E-13 9.3E-13 1.3E-12 1.8E-12
  342   27  17   5.5E-14 8.8E-14 1.9E-13 3.5E-13 7.7E-13 2.2E-12 5.5E-12 8.5E-12 1.1E-11 1.4E-11
  343   27  18   3.9E-13 5.9E-13 1.2E-12 2.0E-12 3.8E-12 8.9E-12 1.7E-11 2.2E-11 2.6E-11 3.0E-11
  344   27  19   2.0E-14 3.0E-14 5.5E-14 8.8E-14 1.7E-13 4.1E-13 9.0E-13 1.3E-12 1.6E-12 1.9E-12
  345   27  20   2.4E-13 3.5E-13 6.4E-13 9.9E-13 1.8E-12 3.6E-12 6.5E-12 8.6E-12 1.0E-11 1.2E-11
  346   27  21   5.4E-13 7.9E-13 1.5E-12 2.4E-12 4.7E-12 1.1E-11 2.3E-11 3.2E-11 3.8E-11 4.3E-11
  347   27  22   3.5E-13 4.6E-13 7.4E-13 1.1E-12 1.8E-12 3.9E-12 7.9E-12 1.1E-11 1.3E-11 1.6E-11
  348   27  23   9.8E-14 1.3E-13 2.4E-13 3.8E-13 7.4E-13 1.7E-12 3.1E-12 4.1E-12 4.8E-12 5.5E-12
  349   27  24   4.8E-14 6.8E-14 1.1E-13 1.7E-13 3.1E-13 7.1E-13 1.5E-12 2.2E-12 2.8E-12 3.4E-12
  350   27  25   2.2E-12 2.7E-12 4.0E-12 5.3E-12 7.5E-12 1.2E-11 1.6E-11 1.9E-11 2.0E-11 2.2E-11
  351   27  26   1.3E-11 1.5E-11 2.2E-11 2.9E-11 4.3E-11 7.1E-11 1.1E-10 1.3E-10 1.4E-10 1.5E-10
  352   28   1   1.1E-16 2.0E-16 5.6E-16 1.3E-15 4.4E-15 2.3E-14 8.8E-14 1.6E-13 2.3E-13 2.9E-13
  353   28   2   3.7E-16 6.5E-16 1.7E-15 3.8E-15 1.2E-14 5.2E-14 1.8E-13 3.1E-13 4.3E-13 5.4E-13
  354   28   3   8.0E-17 1.5E-16 4.4E-16 1.0E-15 3.1E-15 1.3E-14 3.9E-14 6.3E-14 8.5E-14 1.0E-13
  355   28   4   3.5E-16 6.1E-16 1.5E-15 2.9E-15 7.3E-15 2.4E-14 7.7E-14 1.5E-13 2.2E-13 2.9E-13
  356   28   5   7.4E-16 1.3E-15 3.8E-15 8.6E-15 2.7E-14 1.4E-13 5.3E-13 1.0E-12 1.4E-12 1.9E-12
  357   28   6   2.0E-15 3.5E-15 9.2E-15 1.9E-14 5.4E-14 2.1E-13 6.7E-13 1.2E-12 1.6E-12 2.1E-12
  358   28   7   2.1E-15 3.7E-15 9.1E-15 1.8E-14 5.1E-14 2.2E-13 8.0E-13 1.5E-12 2.1E-12 2.6E-12
  359   28   8   5.5E-15 9.6E-15 2.5E-14 5.2E-14 1.5E-13 6.2E-13 2.0E-12 3.3E-12 4.4E-12 5.4E-12
  360   28   9   3.5E-15 6.1E-15 1.6E-14 3.3E-14 9.6E-14 3.8E-13 1.1E-12 1.8E-12 2.4E-12 2.9E-12
  361   28  10   2.2E-14 3.7E-14 8.9E-14 1.7E-13 4.3E-13 1.4E-12 3.7E-12 5.8E-12 7.6E-12 9.1E-12
  362   28  11   7.4E-15 1.3E-14 2.9E-14 5.3E-14 1.2E-13 3.2E-13 7.2E-13 1.1E-12 1.4E-12 1.7E-12
  363   28  12   2.6E-15 4.7E-15 1.1E-14 2.2E-14 5.8E-14 2.2E-13 6.7E-13 1.1E-12 1.6E-12 2.0E-12
  364   28  13   3.9E-14 6.1E-14 1.3E-13 2.2E-13 4.8E-13 1.5E-12 4.2E-12 7.1E-12 9.7E-12 1.2E-11
  365   28  14   5.3E-14 8.6E-14 1.9E-13 3.5E-13 8.0E-13 2.4E-12 5.9E-12 8.9E-12 1.1E-11 1.3E-11
  366   28  15   7.5E-15 1.2E-14 2.9E-14 5.4E-14 1.3E-13 4.6E-13 1.4E-12 2.3E-12 3.2E-12 4.0E-12
  367   28  16   6.9E-15 1.2E-14 2.7E-14 4.9E-14 1.1E-13 3.5E-13 9.2E-13 1.5E-12 2.0E-12 2.5E-12
  368   28  17   2.6E-14 4.1E-14 8.4E-14 1.4E-13 3.0E-13 8.0E-13 1.9E-12 2.9E-12 3.9E-12 4.7E-12
  369   28  18   6.5E-14 9.1E-14 1.6E-13 2.5E-13 4.7E-13 1.1E-12 2.3E-12 3.4E-12 4.6E-12 5.6E-12
  370   28  19   3.0E-13 4.8E-13 9.9E-13 1.7E-12 3.6E-12 9.9E-12 2.3E-11 3.3E-11 4.1E-11 4.8E-11
  371   28  20   3.6E-14 6.0E-14 1.3E-13 2.4E-13 5.2E-13 1.3E-12 2.7E-12 3.7E-12 4.4E-12 5.0E-12
  372   28  21   4.4E-13 6.7E-13 1.2E-12 1.8E-12 3.0E-12 5.3E-12 8.0E-12 9.6E-12 1.1E-11 1.2E-11
  373   28  22   3.5E-12 5.1E-12 8.9E-12 1.3E-11 2.2E-11 4.0E-11 6.4E-11 7.8E-11 8.7E-11 9.4E-11
  374   28  23   9.6E-15 1.6E-14 3.7E-14 7.1E-14 1.8E-13 6.0E-13 1.6E-12 2.3E-12 3.0E-12 3.5E-12
  375   28  24   2.1E-12 3.2E-12 5.6E-12 8.0E-12 1.3E-11 2.2E-11 3.3E-11 3.9E-11 4.4E-11 4.7E-11
  376   28  25   2.1E-13 3.0E-13 5.4E-13 8.3E-13 1.5E-12 3.6E-12 6.9E-12 9.1E-12 1.1E-11 1.2E-11
  377   28  26   3.8E-13 5.3E-13 8.0E-13 1.0E-12 1.6E-12 2.9E-12 5.1E-12 6.8E-12 8.1E-12 9.3E-12
  378   28  27   6.0E-13 8.4E-13 1.4E-12 1.9E-12 3.0E-12 5.0E-12 7.5E-12 8.8E-12 9.6E-12 1.0E-11
  379   29   1   8.6E-17 1.7E-16 5.7E-16 1.5E-15 5.5E-15 3.4E-14 1.5E-13 3.0E-13 4.3E-13 5.5E-13
  380   29   2   1.4E-16 2.6E-16 8.5E-16 2.1E-15 7.9E-15 4.5E-14 1.8E-13 3.3E-13 4.6E-13 5.8E-13
  381   29   3   6.9E-16 1.3E-15 4.1E-15 1.0E-14 3.6E-14 2.0E-13 7.6E-13 1.3E-12 1.9E-12 2.3E-12
  382   29   4   2.5E-15 4.8E-15 1.5E-14 3.5E-14 1.1E-13 4.9E-13 1.5E-12 2.4E-12 3.2E-12 3.9E-12
  383   29   5   5.6E-16 1.1E-15 3.4E-15 8.2E-15 2.7E-14 1.4E-13 5.2E-13 9.3E-13 1.3E-12 1.6E-12
  384   29   6   9.4E-16 1.8E-15 5.6E-15 1.3E-14 4.2E-14 2.0E-13 7.0E-13 1.2E-12 1.7E-12 2.1E-12
  385   29   7   3.9E-15 7.2E-15 2.1E-14 4.7E-14 1.4E-13 6.1E-13 1.9E-12 3.0E-12 4.0E-12 4.8E-12
  386   29   8   4.7E-16 9.4E-16 2.9E-15 6.9E-15 2.3E-14 1.1E-13 3.8E-13 6.6E-13 9.1E-13 1.1E-12
  387   29   9   1.3E-14 2.4E-14 6.7E-14 1.4E-13 3.6E-13 1.2E-12 2.7E-12 3.7E-12 4.4E-12 5.1E-12
  388   29  10   3.3E-15 6.0E-15 1.6E-14 3.4E-14 9.3E-14 3.4E-13 9.1E-13 1.4E-12 1.8E-12 2.1E-12
  389   29  11   7.4E-16 1.4E-15 4.4E-15 1.0E-14 3.5E-14 1.8E-13 7.6E-13 1.4E-12 2.1E-12 2.7E-12
  390   29  12   4.2E-14 7.6E-14 2.0E-13 4.1E-13 1.1E-12 3.5E-12 9.0E-12 1.4E-11 1.7E-11 2.1E-11
  391   29  13   8.7E-16 1.7E-15 4.9E-15 1.1E-14 3.7E-14 1.8E-13 6.6E-13 1.2E-12 1.7E-12 2.1E-12
  392   29  14   3.4E-15 6.3E-15 1.7E-14 3.5E-14 9.6E-14 3.5E-13 9.9E-13 1.5E-12 2.0E-12 2.4E-12
  393   29  15   3.7E-15 6.3E-15 1.6E-14 3.2E-14 9.0E-14 3.8E-13 1.3E-12 2.4E-12 3.4E-12 4.3E-12
  394   29  16   4.2E-14 7.2E-14 1.6E-13 2.7E-13 5.5E-13 1.2E-12 2.5E-12 3.7E-12 4.9E-12 6.0E-12
  395   29  17   5.3E-14 8.7E-14 1.9E-13 3.5E-13 7.7E-13 2.2E-12 5.0E-12 7.3E-12 9.2E-12 1.1E-11
  396   29  18   2.2E-14 3.5E-14 7.8E-14 1.4E-13 3.4E-13 1.1E-12 2.9E-12 4.5E-12 5.8E-12 6.8E-12
  397   29  19   9.9E-15 1.6E-14 3.5E-14 6.3E-14 1.5E-13 5.0E-13 1.4E-12 2.3E-12 3.1E-12 3.7E-12
  398   29  20   1.1E-12 1.7E-12 3.6E-12 6.1E-12 1.2E-11 2.8E-11 5.2E-11 6.8E-11 7.9E-11 8.8E-11
  399   29  21   2.2E-13 3.3E-13 6.2E-13 9.8E-13 1.8E-12 4.0E-12 7.4E-12 9.4E-12 1.1E-11 1.2E-11
  400   29  22   7.6E-14 1.2E-13 2.2E-13 3.6E-13 7.1E-13 1.7E-12 3.5E-12 4.7E-12 5.6E-12 6.3E-12
  401   29  23   4.3E-13 6.2E-13 1.0E-12 1.4E-12 2.3E-12 5.1E-12 1.2E-11 1.7E-11 2.2E-11 2.6E-11
  402   29  24   7.0E-15 1.1E-14 2.6E-14 4.9E-14 1.2E-13 4.0E-13 1.1E-12 1.9E-12 2.5E-12 3.1E-12
  403   29  25   4.6E-12 6.3E-12 9.7E-12 1.3E-11 1.9E-11 2.8E-11 3.9E-11 4.4E-11 4.8E-11 5.1E-11
  404   29  26   2.0E-13 2.8E-13 4.7E-13 6.8E-13 1.1E-12 2.2E-12 4.0E-12 5.3E-12 6.4E-12 7.3E-12
  405   29  27   2.3E-13 3.2E-13 6.1E-13 9.9E-13 1.9E-12 4.4E-12 8.5E-12 1.1E-11 1.3E-11 1.5E-11
  406   29  28   2.0E-14 3.9E-14 1.0E-13 2.0E-13 4.7E-13 1.4E-12 3.2E-12 4.7E-12 5.9E-12 7.0E-12
  407   30   1   9.1E-16 1.6E-15 4.3E-15 9.7E-15 3.1E-14 1.4E-13 5.0E-13 8.4E-13 1.1E-12 1.4E-12
  408   30   2   5.0E-16 8.6E-16 2.3E-15 4.9E-15 1.4E-14 5.9E-14 1.8E-13 2.9E-13 3.8E-13 4.5E-13
  409   30   3   4.0E-15 6.6E-15 1.7E-14 3.5E-14 9.6E-14 3.6E-13 1.0E-12 1.6E-12 2.1E-12 2.6E-12
  410   30   4   1.4E-15 2.3E-15 6.2E-15 1.4E-14 4.3E-14 2.0E-13 6.9E-13 1.2E-12 1.6E-12 1.9E-12
  411   30   5   4.2E-15 6.9E-15 1.6E-14 3.1E-14 7.2E-14 2.1E-13 5.0E-13 7.7E-13 1.0E-12 1.3E-12
  412   30   6   3.8E-15 6.2E-15 1.6E-14 3.3E-14 9.0E-14 3.4E-13 9.4E-13 1.5E-12 1.9E-12 2.3E-12
  413   30   7   2.2E-15 3.7E-15 9.4E-15 2.0E-14 5.9E-14 2.6E-13 8.6E-13 1.4E-12 1.9E-12 2.4E-12
  414   30   8   1.1E-14 1.8E-14 4.4E-14 9.0E-14 2.3E-13 7.9E-13 2.1E-12 3.1E-12 3.9E-12 4.5E-12
  415   30   9   1.8E-15 3.0E-15 7.7E-15 1.6E-14 4.7E-14 1.9E-13 6.1E-13 1.0E-12 1.4E-12 1.7E-12
  416   30  10   6.1E-15 9.6E-15 2.2E-14 4.0E-14 9.1E-14 2.5E-13 5.6E-13 8.1E-13 1.0E-12 1.2E-12
  417   30  11   7.6E-14 1.2E-13 2.7E-13 5.1E-13 1.2E-12 3.4E-12 7.5E-12 1.1E-11 1.3E-11 1.5E-11
  418   30  12   6.0E-15 9.6E-15 2.3E-14 4.6E-14 1.2E-13 4.5E-13 1.3E-12 2.0E-12 2.6E-12 3.1E-12
  419   30  13   1.0E-14 1.7E-14 3.9E-14 7.5E-14 1.9E-13 6.4E-13 1.7E-12 2.5E-12 3.1E-12 3.6E-12
  420   30  14   1.1E-14 1.7E-14 3.7E-14 6.6E-14 1.5E-13 4.4E-13 1.1E-12 1.6E-12 1.9E-12 2.2E-12
  421   30  15   1.4E-13 2.0E-13 3.9E-13 6.4E-13 1.2E-12 2.3E-12 4.3E-12 6.4E-12 8.6E-12 1.1E-11
  422   30  16   2.0E-15 3.3E-15 8.0E-15 1.7E-14 4.9E-14 2.2E-13 7.6E-13 1.3E-12 1.7E-12 2.1E-12
  423   30  17   8.6E-15 1.3E-14 2.9E-14 5.3E-14 1.3E-13 4.0E-13 1.0E-12 1.5E-12 1.9E-12 2.2E-12
  424   30  18   1.2E-13 1.8E-13 3.7E-13 6.5E-13 1.4E-12 3.6E-12 7.3E-12 9.9E-12 1.2E-11 1.4E-11
  425   30  19   2.4E-13 3.4E-13 6.3E-13 9.8E-13 1.7E-12 3.0E-12 4.1E-12 4.5E-12 4.7E-12 4.9E-12
  426   30  20   4.6E-15 7.3E-15 1.7E-14 3.2E-14 8.3E-14 3.0E-13 9.4E-13 1.6E-12 2.2E-12 2.7E-12
  427   30  21   2.9E-14 4.4E-14 8.8E-14 1.5E-13 3.3E-13 9.6E-13 2.4E-12 3.6E-12 4.7E-12 5.6E-12
  428   30  22   4.3E-13 6.2E-13 1.1E-12 1.7E-12 2.7E-12 4.9E-12 7.2E-12 8.5E-12 9.5E-12 1.0E-11
  429   30  23   1.1E-15 1.8E-15 4.6E-15 9.9E-15 3.0E-14 1.4E-13 5.4E-13 9.7E-13 1.4E-12 1.7E-12
  430   30  24   5.9E-12 8.3E-12 1.4E-11 2.0E-11 3.3E-11 5.9E-11 9.0E-11 1.1E-10 1.2E-10 1.2E-10
  431   30  25   1.6E-14 2.3E-14 4.3E-14 7.4E-14 1.6E-13 4.5E-13 1.1E-12 1.5E-12 1.9E-12 2.2E-12
  432   30  26   1.2E-13 1.6E-13 2.7E-13 3.9E-13 7.0E-13 1.6E-12 3.2E-12 4.3E-12 5.3E-12 6.1E-12
  433   30  27   8.6E-14 1.1E-13 1.8E-13 2.6E-13 4.5E-13 1.0E-12 2.2E-12 3.3E-12 4.2E-12 5.1E-12
  434   30  28   2.3E-13 2.6E-13 3.4E-13 4.4E-13 6.5E-13 1.2E-12 2.1E-12 2.9E-12 3.5E-12 4.0E-12
  435   30  29   1.4E-15 2.5E-15 6.8E-15 1.5E-14 4.3E-14 1.8E-13 6.6E-13 1.2E-12 1.8E-12 2.4E-12
  436   31   1   4.0E-16 7.3E-16 2.3E-15 5.9E-15 2.2E-14 1.3E-13 5.1E-13 9.3E-13 1.3E-12 1.6E-12
  437   31   2   1.1E-16 2.0E-16 5.6E-16 1.3E-15 4.4E-15 2.3E-14 9.5E-14 1.8E-13 2.6E-13 3.3E-13
  438   31   3   1.1E-15 2.0E-15 6.1E-15 1.5E-14 5.0E-14 2.5E-13 9.1E-13 1.6E-12 2.3E-12 2.8E-12
  439   31   4   1.6E-16 2.7E-16 6.6E-16 1.3E-15 3.6E-15 1.5E-14 6.5E-14 1.5E-13 2.4E-13 3.3E-13
  440   31   5   2.6E-16 4.6E-16 1.3E-15 3.1E-15 1.0E-14 5.5E-14 2.2E-13 4.0E-13 5.7E-13 7.2E-13
  441   31   6   1.1E-15 2.0E-15 6.0E-15 1.4E-14 4.5E-14 2.1E-13 6.7E-13 1.1E-12 1.5E-12 1.8E-12
  442   31   7   3.6E-15 6.4E-15 1.8E-14 3.9E-14 1.1E-13 4.3E-13 1.2E-12 1.9E-12 2.6E-12 3.1E-12
  443   31   8   2.5E-15 4.3E-15 1.2E-14 2.7E-14 7.9E-14 3.3E-13 1.0E-12 1.7E-12 2.2E-12 2.7E-12
  444   31   9   1.7E-15 3.1E-15 8.7E-15 2.0E-14 5.9E-14 2.5E-13 7.7E-13 1.3E-12 1.7E-12 2.1E-12
  445   31  10   7.2E-16 1.3E-15 3.7E-15 8.2E-15 2.5E-14 1.1E-13 3.8E-13 6.4E-13 8.6E-13 1.0E-12
  446   31  11   4.9E-15 8.8E-15 2.5E-14 5.3E-14 1.5E-13 6.0E-13 1.8E-12 3.0E-12 3.9E-12 4.8E-12
  447   31  12   2.9E-15 4.7E-15 1.1E-14 2.2E-14 5.8E-14 2.2E-13 7.4E-13 1.4E-12 2.0E-12 2.6E-12
  448   31  13   5.6E-15 1.0E-14 2.7E-14 5.8E-14 1.6E-13 6.3E-13 1.9E-12 3.2E-12 4.2E-12 5.1E-12
  449   31  14   4.4E-14 7.5E-14 1.9E-13 3.7E-13 9.2E-13 3.0E-12 7.5E-12 1.1E-11 1.4E-11 1.7E-11
  450   31  15   3.9E-15 6.5E-15 1.7E-14 3.4E-14 9.3E-14 3.5E-13 1.1E-12 1.8E-12 2.4E-12 2.9E-12
  451   31  16   1.9E-14 3.2E-14 7.9E-14 1.5E-13 3.8E-13 1.2E-12 2.8E-12 4.2E-12 5.3E-12 6.3E-12
  452   31  17   1.1E-14 1.7E-14 3.6E-14 6.3E-14 1.3E-13 3.5E-13 7.8E-13 1.1E-12 1.4E-12 1.6E-12
  453   31  18   5.0E-14 8.2E-14 1.9E-13 3.7E-13 8.8E-13 2.7E-12 6.5E-12 9.5E-12 1.2E-11 1.4E-11
  454   31  19   3.0E-15 4.8E-15 1.1E-14 1.9E-14 4.2E-14 1.3E-13 3.6E-13 6.3E-13 9.1E-13 1.2E-12
  455   31  20   1.7E-14 2.7E-14 6.0E-14 1.1E-13 2.8E-13 9.4E-13 2.6E-12 4.0E-12 5.3E-12 6.4E-12
  456   31  21   7.8E-13 1.2E-12 2.5E-12 4.3E-12 8.6E-12 2.0E-11 3.8E-11 5.0E-11 5.9E-11 6.6E-11
  457   31  22   8.8E-14 1.3E-13 2.4E-13 3.6E-13 6.1E-13 1.2E-12 2.1E-12 2.7E-12 3.3E-12 3.7E-12
  458   31  23   2.1E-13 3.0E-13 5.3E-13 7.9E-13 1.3E-12 2.4E-12 3.6E-12 4.2E-12 4.8E-12 5.2E-12
  459   31  24   3.2E-14 4.8E-14 9.6E-14 1.6E-13 3.1E-13 8.1E-13 1.9E-12 2.9E-12 3.8E-12 4.6E-12
  460   31  25   6.1E-13 8.9E-13 1.7E-12 2.7E-12 5.0E-12 1.1E-11 2.2E-11 2.8E-11 3.3E-11 3.7E-11
  461   31  26   2.5E-13 3.5E-13 5.8E-13 8.6E-13 1.4E-12 2.9E-12 5.3E-12 7.1E-12 8.6E-12 9.9E-12
  462   31  27   7.5E-12 9.7E-12 1.5E-11 1.9E-11 2.8E-11 4.6E-11 6.7E-11 7.8E-11 8.5E-11 9.0E-11
  463   31  28   1.1E-13 1.6E-13 3.0E-13 4.9E-13 9.4E-13 2.2E-12 4.4E-12 5.9E-12 7.2E-12 8.3E-12
  464   31  29   1.9E-12 2.4E-12 3.8E-12 5.3E-12 8.1E-12 1.3E-11 1.9E-11 2.3E-11 2.5E-11 2.7E-11
  465   31  30   2.3E-14 3.9E-14 8.4E-14 1.5E-13 3.3E-13 9.8E-13 2.7E-12 4.4E-12 6.2E-12 7.8E-12
  466   32   1   9.9E-17 1.8E-16 5.2E-16 1.2E-15 4.2E-15 2.3E-14 1.0E-13 2.0E-13 3.1E-13 4.0E-13
  467   32   2   2.1E-16 4.0E-16 1.2E-15 3.0E-15 1.0E-14 5.7E-14 2.2E-13 3.8E-13 5.2E-13 6.3E-13
  468   32   3   2.8E-16 5.2E-16 1.6E-15 3.9E-15 1.3E-14 6.9E-14 2.6E-13 4.7E-13 6.6E-13 8.2E-13
  469   32   4   2.8E-16 5.2E-16 1.5E-15 3.7E-15 1.2E-14 6.1E-14 2.2E-13 4.0E-13 5.6E-13 7.1E-13
  470   32   5   1.8E-15 3.3E-15 9.1E-15 2.0E-14 6.3E-14 2.8E-13 9.2E-13 1.5E-12 2.1E-12 2.5E-12
  471   32   6   3.0E-16 5.1E-16 1.2E-15 2.5E-15 7.3E-15 3.6E-14 1.5E-13 2.7E-13 3.9E-13 5.0E-13
  472   32   7   3.3E-16 6.3E-16 1.9E-15 4.4E-15 1.3E-14 5.9E-14 2.1E-13 3.8E-13 5.4E-13 6.9E-13
  473   32   8   1.8E-15 3.1E-15 8.1E-15 1.7E-14 4.7E-14 1.8E-13 6.0E-13 1.1E-12 1.5E-12 1.9E-12
  474   32   9   3.0E-16 5.1E-16 1.3E-15 2.6E-15 6.6E-15 2.4E-14 1.1E-13 2.5E-13 4.2E-13 5.8E-13
  475   32  10   1.1E-15 2.0E-15 5.4E-15 1.2E-14 3.4E-14 1.4E-13 4.7E-13 8.0E-13 1.1E-12 1.4E-12
  476   32  11   1.0E-15 1.8E-15 4.6E-15 9.9E-15 2.8E-14 1.1E-13 3.4E-13 5.6E-13 7.5E-13 9.1E-13
  477   32  12   5.6E-15 1.0E-14 2.6E-14 5.5E-14 1.5E-13 5.5E-13 1.6E-12 2.5E-12 3.4E-12 4.1E-12
  478   32  13   4.5E-15 7.9E-15 2.0E-14 3.9E-14 1.0E-13 3.5E-13 1.0E-12 1.6E-12 2.2E-12 2.7E-12
  479   32  14   1.2E-14 2.0E-14 4.7E-14 9.1E-14 2.3E-13 8.8E-13 2.9E-12 5.0E-12 6.9E-12 8.6E-12
  480   32  15   1.5E-14 2.7E-14 6.7E-14 1.3E-13 3.3E-13 1.1E-12 2.9E-12 4.4E-12 5.7E-12 6.8E-12
  481   32  16   1.6E-15 2.9E-15 8.2E-15 1.9E-14 5.8E-14 2.5E-13 7.7E-13 1.3E-12 1.7E-12 2.1E-12
  482   32  17   2.5E-14 4.3E-14 1.0E-13 2.0E-13 4.9E-13 1.6E-12 3.8E-12 5.6E-12 7.1E-12 8.3E-12
  483   32  18   2.7E-15 4.6E-15 1.0E-14 1.8E-14 4.1E-14 1.4E-13 4.1E-13 7.1E-13 9.8E-13 1.2E-12
  484   32  19   4.2E-14 7.1E-14 1.6E-13 2.9E-13 6.6E-13 2.0E-12 4.9E-12 7.5E-12 9.7E-12 1.2E-11
  485   32  20   1.1E-14 1.9E-14 4.0E-14 7.0E-14 1.5E-13 3.7E-13 7.3E-13 1.0E-12 1.2E-12 1.5E-12
  486   32  21   2.5E-14 4.1E-14 8.8E-14 1.5E-13 3.2E-13 8.8E-13 2.1E-12 3.3E-12 4.3E-12 5.2E-12
  487   32  22   2.6E-13 4.3E-13 9.1E-13 1.6E-12 3.4E-12 9.4E-12 2.2E-11 3.1E-11 3.9E-11 4.6E-11
  488   32  23   1.4E-14 2.4E-14 5.6E-14 1.0E-13 2.3E-13 5.9E-13 1.2E-12 1.7E-12 2.1E-12 2.5E-12
  489   32  24   5.6E-14 8.9E-14 1.7E-13 2.6E-13 5.0E-13 1.2E-12 2.4E-12 3.3E-12 4.1E-12 4.8E-12
  490   32  25   2.8E-13 4.5E-13 8.5E-13 1.3E-12 2.3E-12 4.4E-12 7.3E-12 9.3E-12 1.1E-11 1.2E-11
  491   32  26   1.4E-12 2.2E-12 4.1E-12 6.5E-12 1.2E-11 2.4E-11 4.1E-11 5.1E-11 5.8E-11 6.3E-11
  492   32  27   3.4E-13 5.2E-13 9.2E-13 1.4E-12 2.6E-12 5.6E-12 1.0E-11 1.4E-11 1.6E-11 1.8E-11
  493   32  28   4.4E-12 6.4E-12 1.0E-11 1.4E-11 2.2E-11 3.7E-11 5.5E-11 6.4E-11 6.9E-11 7.4E-11
  494   32  29   1.6E-13 2.4E-13 4.3E-13 6.8E-13 1.3E-12 3.0E-12 5.8E-12 7.6E-12 9.0E-12 1.0E-11
  495   32  30   1.6E-13 2.3E-13 3.8E-13 5.2E-13 8.1E-13 1.4E-12 2.3E-12 2.9E-12 3.4E-12 3.9E-12
  496   32  31   1.7E-12 2.3E-12 3.6E-12 4.9E-12 7.2E-12 1.1E-11 1.5E-11 1.8E-11 1.9E-11 2.0E-11
  497   33   1   2.9E-18 5.5E-18 1.7E-17 4.2E-17 1.5E-16 9.3E-16 4.5E-15 9.4E-15 1.4E-14 1.9E-14
  498   33   2   1.1E-17 2.2E-17 7.6E-17 2.0E-16 7.9E-16 4.9E-15 2.1E-14 3.9E-14 5.5E-14 6.8E-14
  499   33   3   1.4E-17 2.9E-17 1.1E-16 3.1E-16 1.3E-15 8.9E-15 4.4E-14 9.0E-14 1.4E-13 1.8E-13
  500   33   4   1.5E-16 2.9E-16 9.5E-16 2.5E-15 9.2E-15 5.3E-14 2.1E-13 3.7E-13 5.1E-13 6.2E-13
  501   33   5   2.0E-17 4.0E-17 1.5E-16 4.2E-16 1.8E-15 1.4E-14 7.6E-14 1.6E-13 2.6E-13 3.4E-13
  502   33   6   5.4E-17 1.1E-16 3.7E-16 9.9E-16 4.1E-15 2.8E-14 1.4E-13 2.7E-13 4.1E-13 5.3E-13
  503   33   7   4.4E-16 8.6E-16 2.7E-15 6.8E-15 2.4E-14 1.3E-13 4.7E-13 8.1E-13 1.1E-12 1.3E-12
  504   33   8   1.2E-16 2.4E-16 7.8E-16 2.0E-15 8.0E-15 5.2E-14 2.4E-13 4.8E-13 7.1E-13 9.1E-13
  505   33   9   3.2E-15 6.1E-15 1.8E-14 4.2E-14 1.3E-13 5.9E-13 1.8E-12 2.9E-12 3.7E-12 4.3E-12
  506   33  10   1.1E-15 2.0E-15 6.2E-15 1.5E-14 5.0E-14 2.6E-13 9.7E-13 1.7E-12 2.3E-12 2.9E-12
  507   33  11   3.3E-16 6.3E-16 1.9E-15 4.5E-15 1.5E-14 8.1E-14 3.3E-13 6.3E-13 9.2E-13 1.2E-12
  508   33  12   8.1E-15 1.5E-14 4.1E-14 9.0E-14 2.6E-13 1.0E-12 3.0E-12 4.6E-12 5.8E-12 6.9E-12
  509   33  13   9.4E-16 1.7E-15 5.0E-15 1.2E-14 3.7E-14 1.8E-13 6.9E-13 1.3E-12 1.8E-12 2.3E-12
  510   33  14   2.2E-15 4.0E-15 1.1E-14 2.6E-14 8.0E-14 3.7E-13 1.3E-12 2.2E-12 3.0E-12 3.7E-12
  511   33  15   8.5E-16 1.5E-15 3.9E-15 8.4E-15 2.6E-14 1.3E-13 5.1E-13 9.5E-13 1.4E-12 1.8E-12
  512   33  16   5.5E-14 1.0E-13 2.7E-13 5.5E-13 1.4E-12 4.8E-12 1.2E-11 1.8E-11 2.2E-11 2.6E-11
  513   33  17   1.8E-14 3.2E-14 7.9E-14 1.6E-13 4.2E-13 1.5E-12 4.1E-12 6.3E-12 8.0E-12 9.5E-12
  514   33  18   6.8E-15 1.1E-14 2.7E-14 5.5E-14 1.5E-13 5.9E-13 1.8E-12 3.0E-12 4.0E-12 4.9E-12
  515   33  19   1.6E-15 2.7E-15 6.5E-15 1.3E-14 3.7E-14 1.7E-13 6.1E-13 1.1E-12 1.6E-12 2.0E-12
  516   33  20   1.2E-13 2.0E-13 4.6E-13 8.5E-13 1.9E-12 5.2E-12 1.1E-11 1.5E-11 1.8E-11 2.0E-11
  517   33  21   4.5E-14 7.2E-14 1.5E-13 2.7E-13 6.3E-13 1.9E-12 4.7E-12 6.8E-12 8.5E-12 9.9E-12
  518   33  22   1.1E-14 1.8E-14 3.7E-14 6.7E-14 1.6E-13 5.5E-13 1.6E-12 2.7E-12 3.6E-12 4.5E-12
  519   33  23   1.1E-12 1.9E-12 3.9E-12 6.7E-12 1.3E-11 3.2E-11 6.1E-11 8.0E-11 9.6E-11 1.1E-10
  520   33  24   1.4E-15 2.4E-15 5.7E-15 1.2E-14 3.4E-14 1.6E-13 6.0E-13 1.1E-12 1.6E-12 2.1E-12
  521   33  25   4.2E-13 6.1E-13 1.1E-12 1.7E-12 3.1E-12 6.8E-12 1.2E-11 1.6E-11 1.8E-11 2.0E-11
  522   33  26   2.2E-14 3.3E-14 6.7E-14 1.2E-13 2.5E-13 7.7E-13 2.0E-12 3.2E-12 4.3E-12 5.2E-12
  523   33  27   5.6E-14 8.6E-14 1.7E-13 2.9E-13 6.0E-13 1.6E-12 3.6E-12 5.1E-12 6.2E-12 7.2E-12
  524   33  28   6.2E-15 1.1E-14 2.7E-14 5.4E-14 1.5E-13 5.6E-13 1.7E-12 2.7E-12 3.7E-12 4.5E-12
  525   33  29   4.5E-12 6.1E-12 9.2E-12 1.2E-11 1.8E-11 2.8E-11 3.8E-11 4.2E-11 4.5E-11 4.8E-11
  526   33  30   4.1E-16 7.5E-16 2.3E-15 5.5E-15 1.9E-14 1.1E-13 5.0E-13 1.0E-12 1.5E-12 2.0E-12
  527   33  31   2.6E-13 3.9E-13 7.4E-13 1.2E-12 2.2E-12 4.9E-12 8.7E-12 1.1E-11 1.3E-11 1.4E-11
  528   33  32   1.7E-14 2.8E-14 6.8E-14 1.3E-13 3.4E-13 1.1E-12 2.7E-12 3.9E-12 4.9E-12 5.7E-12
  529   34   1   6.6E-17 1.3E-16 4.2E-16 1.1E-15 4.5E-15 3.2E-14 1.6E-13 3.1E-13 4.7E-13 6.0E-13
  530   34   2   2.9E-16 5.5E-16 1.9E-15 4.9E-15 1.9E-14 1.2E-13 5.2E-13 9.7E-13 1.4E-12 1.8E-12
  531   34   3   3.1E-17 6.1E-17 2.1E-16 5.8E-16 2.3E-15 1.3E-14 5.2E-14 9.1E-14 1.2E-13 1.5E-13
  532   34   4   9.4E-16 1.8E-15 5.8E-15 1.4E-14 5.0E-14 2.5E-13 8.7E-13 1.5E-12 2.0E-12 2.4E-12
  533   34   5   2.5E-16 5.0E-16 1.7E-15 4.4E-15 1.6E-14 1.0E-13 4.6E-13 9.0E-13 1.3E-12 1.7E-12
  534   34   6   2.5E-16 4.5E-16 1.3E-15 3.2E-15 1.1E-14 6.1E-14 2.5E-13 4.7E-13 6.8E-13 8.6E-13
  535   34   7   1.2E-16 2.2E-16 7.1E-16 1.8E-15 6.1E-15 2.7E-14 7.8E-14 1.2E-13 1.6E-13 1.9E-13
  536   34   8   8.1E-16 1.5E-15 4.7E-15 1.1E-14 4.0E-14 2.2E-13 8.7E-13 1.6E-12 2.2E-12 2.7E-12
  537   34   9   2.0E-15 3.6E-15 1.1E-14 2.4E-14 7.2E-14 2.7E-13 7.2E-13 1.1E-12 1.4E-12 1.7E-12
  538   34  10   3.3E-15 5.9E-15 1.7E-14 4.0E-14 1.3E-13 5.7E-13 1.8E-12 3.0E-12 4.0E-12 4.9E-12
  539   34  11   5.9E-16 1.1E-15 3.1E-15 7.2E-15 2.3E-14 1.1E-13 3.7E-13 6.1E-13 8.1E-13 9.8E-13
  540   34  12   2.3E-15 4.2E-15 1.2E-14 2.6E-14 7.5E-14 2.7E-13 7.1E-13 1.1E-12 1.4E-12 1.6E-12
  541   34  13   2.1E-15 3.7E-15 1.1E-14 2.3E-14 6.7E-14 2.6E-13 7.1E-13 1.1E-12 1.4E-12 1.7E-12
  542   34  14   3.6E-15 6.3E-15 1.7E-14 3.5E-14 9.6E-14 3.7E-13 1.0E-12 1.6E-12 2.1E-12 2.5E-12
  543   34  15   1.9E-16 3.1E-16 8.5E-16 2.0E-15 7.1E-15 4.3E-14 2.0E-13 4.2E-13 6.5E-13 8.7E-13
  544   34  16   2.4E-15 4.2E-15 1.2E-14 2.5E-14 6.7E-14 2.4E-13 7.1E-13 1.2E-12 1.7E-12 2.1E-12
  545   34  17   3.4E-14 6.0E-14 1.6E-13 3.3E-13 8.9E-13 3.1E-12 8.3E-12 1.3E-11 1.6E-11 2.0E-11
  546   34  18   2.1E-15 3.4E-15 8.6E-15 1.8E-14 5.0E-14 1.8E-13 5.0E-13 7.9E-13 1.0E-12 1.3E-12
  547   34  19   2.0E-15 3.3E-15 8.7E-15 1.9E-14 5.4E-14 2.4E-13 9.1E-13 1.7E-12 2.5E-12 3.2E-12
  548   34  20   1.4E-14 2.2E-14 4.6E-14 8.2E-14 1.9E-13 5.8E-13 1.6E-12 2.7E-12 3.7E-12 4.7E-12
  549   34  21   3.5E-14 5.7E-14 1.3E-13 2.5E-13 6.1E-13 1.9E-12 4.9E-12 7.4E-12 9.5E-12 1.1E-11
  550   34  22   1.0E-14 1.6E-14 3.6E-14 6.7E-14 1.5E-13 4.4E-13 1.1E-12 1.6E-12 2.1E-12 2.5E-12
  551   34  23   1.9E-14 3.5E-14 1.0E-13 2.2E-13 5.9E-13 2.1E-12 5.4E-12 8.0E-12 1.0E-11 1.2E-11
  552   34  24   8.9E-15 1.3E-14 2.9E-14 5.3E-14 1.3E-13 4.3E-13 1.3E-12 2.3E-12 3.2E-12 4.0E-12
  553   34  25   7.8E-13 1.2E-12 2.6E-12 4.6E-12 9.6E-12 2.4E-11 4.6E-11 6.2E-11 7.3E-11 8.2E-11
  554   34  26   2.8E-14 4.2E-14 8.1E-14 1.3E-13 2.4E-13 5.9E-13 1.4E-12 2.1E-12 2.8E-12 3.4E-12
  555   34  27   1.5E-13 2.1E-13 3.8E-13 5.9E-13 1.0E-12 2.2E-12 4.2E-12 5.7E-12 6.8E-12 7.8E-12
  556   34  28   9.1E-14 1.3E-13 2.4E-13 3.9E-13 7.3E-13 1.7E-12 3.7E-12 5.2E-12 6.4E-12 7.4E-12
  557   34  29   3.6E-13 5.2E-13 9.8E-13 1.6E-12 2.8E-12 6.2E-12 1.2E-11 1.6E-11 2.0E-11 2.3E-11
  558   34  30   1.2E-14 1.4E-14 2.6E-14 4.7E-14 1.1E-13 3.6E-13 1.0E-12 1.6E-12 2.2E-12 2.6E-12
  559   34  31   4.4E-12 5.9E-12 9.3E-12 1.3E-11 1.9E-11 3.0E-11 4.3E-11 4.9E-11 5.4E-11 5.7E-11
  560   34  32   2.5E-13 3.4E-13 6.1E-13 9.8E-13 1.9E-12 4.2E-12 7.7E-12 9.8E-12 1.1E-11 1.3E-11
  561   34  33   5.3E-13 9.2E-13 1.9E-12 3.1E-12 5.5E-12 1.0E-11 1.5E-11 1.6E-11 1.8E-11 1.9E-11
  562   35   1   1.5E-17 2.9E-17 9.7E-17 2.5E-16 8.9E-16 5.1E-15 2.3E-14 4.4E-14 6.6E-14 8.5E-14
  563   35   2   3.2E-17 6.3E-17 2.2E-16 5.5E-16 2.0E-15 1.1E-14 4.2E-14 7.8E-14 1.1E-13 1.4E-13
  564   35   3   7.6E-17 1.3E-16 3.7E-16 8.8E-16 2.9E-15 1.4E-14 4.9E-14 8.5E-14 1.2E-13 1.5E-13
  565   35   4   3.2E-16 5.4E-16 1.5E-15 3.3E-15 9.9E-15 4.2E-14 1.4E-13 2.4E-13 3.4E-13 4.3E-13
  566   35   5   1.6E-16 2.9E-16 8.6E-16 2.0E-15 6.1E-15 2.8E-14 1.1E-13 2.0E-13 3.0E-13 3.9E-13
  567   35   6   6.4E-16 1.1E-15 3.1E-15 7.1E-15 2.2E-14 1.0E-13 3.9E-13 7.1E-13 1.0E-12 1.3E-12
  568   35   7   1.0E-15 1.8E-15 4.9E-15 1.1E-14 3.5E-14 1.5E-13 5.0E-13 8.6E-13 1.2E-12 1.5E-12
  569   35   8   4.0E-16 7.4E-16 2.3E-15 5.5E-15 1.9E-14 1.0E-13 4.0E-13 7.4E-13 1.1E-12 1.3E-12
  570   35   9   4.0E-16 6.9E-16 2.0E-15 4.6E-15 1.5E-14 7.5E-14 3.0E-13 5.7E-13 8.4E-13 1.1E-12
  571   35  10   1.3E-15 2.2E-15 6.2E-15 1.3E-14 3.8E-14 1.5E-13 4.6E-13 7.9E-13 1.1E-12 1.4E-12
  572   35  11   4.0E-15 6.8E-15 1.8E-14 4.0E-14 1.2E-13 4.7E-13 1.5E-12 2.4E-12 3.2E-12 3.9E-12
  573   35  12   1.7E-15 2.7E-15 6.5E-15 1.3E-14 3.1E-14 9.8E-14 2.7E-13 4.5E-13 6.4E-13 8.1E-13
  574   35  13   1.3E-14 2.1E-14 5.2E-14 1.1E-13 2.8E-13 9.7E-13 2.6E-12 4.0E-12 5.3E-12 6.4E-12
  575   35  14   2.8E-15 4.7E-15 1.2E-14 2.6E-14 7.5E-14 3.1E-13 9.7E-13 1.6E-12 2.3E-12 2.8E-12
  576   35  15   4.5E-15 7.3E-15 1.7E-14 3.2E-14 7.1E-14 1.9E-13 4.6E-13 8.1E-13 1.2E-12 1.6E-12
  577   35  16   2.2E-15 3.7E-15 9.8E-15 2.1E-14 5.8E-14 2.2E-13 5.9E-13 9.0E-13 1.2E-12 1.4E-12
  578   35  17   1.1E-14 1.8E-14 4.2E-14 8.0E-14 1.9E-13 5.8E-13 1.4E-12 2.2E-12 2.8E-12 3.3E-12
  579   35  18   3.7E-14 5.5E-14 1.1E-13 2.0E-13 4.2E-13 1.1E-12 3.1E-12 5.4E-12 7.6E-12 9.7E-12
  580   35  19   8.8E-15 1.4E-14 3.3E-14 6.3E-14 1.5E-13 4.8E-13 1.2E-12 1.7E-12 2.1E-12 2.4E-12
  581   35  20   5.4E-15 8.7E-15 2.1E-14 4.3E-14 1.1E-13 4.1E-13 1.1E-12 1.8E-12 2.3E-12 2.7E-12
  582   35  21   6.6E-14 1.0E-13 2.3E-13 4.3E-13 9.6E-13 2.7E-12 5.7E-12 7.8E-12 9.5E-12 1.1E-11
  583   35  22   9.1E-14 1.3E-13 2.3E-13 3.6E-13 6.9E-13 1.5E-12 2.9E-12 3.9E-12 4.9E-12 5.7E-12
  584   35  23   2.8E-15 4.7E-15 1.2E-14 2.4E-14 6.6E-14 2.6E-13 8.0E-13 1.3E-12 1.8E-12 2.2E-12
  585   35  24   2.5E-13 3.9E-13 8.3E-13 1.5E-12 3.1E-12 8.4E-12 1.9E-11 2.7E-11 3.4E-11 4.0E-11
  586   35  25   2.1E-14 3.3E-14 6.8E-14 1.2E-13 2.5E-13 6.9E-13 1.6E-12 2.4E-12 3.1E-12 3.7E-12
  587   35  26   2.6E-13 3.8E-13 7.2E-13 1.1E-12 2.0E-12 3.9E-12 6.7E-12 8.8E-12 1.1E-11 1.2E-11
  588   35  27   7.9E-14 1.2E-13 2.2E-13 3.7E-13 7.6E-13 2.0E-12 4.6E-12 6.7E-12 8.6E-12 1.0E-11
  589   35  28   3.4E-12 4.8E-12 8.5E-12 1.3E-11 2.2E-11 4.0E-11 6.3E-11 7.4E-11 8.2E-11 8.8E-11
  590   35  29   1.4E-14 2.2E-14 4.6E-14 8.3E-14 1.8E-13 5.2E-13 1.2E-12 1.7E-12 2.2E-12 2.6E-12
  591   35  30   1.8E-12 2.6E-12 4.6E-12 6.8E-12 1.1E-11 2.0E-11 3.2E-11 4.0E-11 4.6E-11 5.0E-11
  592   35  31   2.2E-13 3.1E-13 5.3E-13 7.9E-13 1.3E-12 2.6E-12 4.5E-12 5.9E-12 7.1E-12 8.2E-12
  593   35  32   3.3E-13 3.9E-13 5.4E-13 6.9E-13 1.0E-12 1.8E-12 3.1E-12 4.1E-12 4.9E-12 5.6E-12
  594   35  33   9.6E-16 1.8E-15 5.9E-15 1.4E-14 4.5E-14 2.1E-13 7.5E-13 1.3E-12 1.9E-12 2.4E-12
  595   35  34   4.2E-14 6.3E-14 1.3E-13 2.3E-13 4.9E-13 1.3E-12 2.9E-12 4.0E-12 5.0E-12 5.8E-12
  596   36   1   1.6E-16 3.2E-16 1.0E-15 2.4E-15 8.4E-15 4.7E-14 2.1E-13 4.1E-13 6.2E-13 8.1E-13
  597   36   2   2.7E-16 4.7E-16 1.4E-15 3.2E-15 1.1E-14 5.3E-14 1.9E-13 3.1E-13 4.1E-13 4.9E-13
  598   36   3   5.5E-16 1.0E-15 3.2E-15 7.7E-15 2.7E-14 1.5E-13 6.3E-13 1.2E-12 1.8E-12 2.3E-12
  599   36   4   2.6E-16 4.9E-16 1.5E-15 3.6E-15 1.2E-14 7.0E-14 3.1E-13 6.1E-13 9.1E-13 1.2E-12
  600   36   5   2.5E-15 4.1E-15 1.1E-14 2.3E-14 6.7E-14 2.7E-13 8.1E-13 1.3E-12 1.7E-12 2.0E-12
  601   36   6   6.7E-16 1.2E-15 3.5E-15 8.1E-15 2.8E-14 1.5E-13 6.3E-13 1.2E-12 1.7E-12 2.2E-12
  602   36   7   6.0E-16 1.0E-15 3.0E-15 6.8E-15 2.2E-14 1.1E-13 4.5E-13 8.5E-13 1.3E-12 1.6E-12
  603   36   8   2.8E-15 4.8E-15 1.3E-14 2.6E-14 6.8E-14 2.2E-13 5.5E-13 8.7E-13 1.2E-12 1.4E-12
  604   36   9   5.0E-16 8.7E-16 2.5E-15 6.0E-15 2.0E-14 1.1E-13 4.1E-13 7.5E-13 1.1E-12 1.3E-12
  605   36  10   3.2E-15 5.2E-15 1.4E-14 2.9E-14 8.3E-14 3.3E-13 9.7E-13 1.5E-12 1.9E-12 2.3E-12
  606   36  11   6.9E-15 1.2E-14 3.5E-14 7.6E-14 2.2E-13 8.7E-13 2.7E-12 4.5E-12 6.1E-12 7.5E-12
  607   36  12   1.2E-15 2.0E-15 5.3E-15 1.2E-14 3.7E-14 1.9E-13 7.6E-13 1.4E-12 2.1E-12 2.7E-12
  608   36  13   3.0E-15 4.8E-15 1.2E-14 2.4E-14 6.1E-14 2.1E-13 5.9E-13 9.7E-13 1.3E-12 1.7E-12
  609   36  14   2.8E-15 4.5E-15 1.1E-14 2.3E-14 6.5E-14 2.5E-13 7.6E-13 1.2E-12 1.7E-12 2.0E-12
  610   36  15   5.3E-14 8.3E-14 2.0E-13 3.8E-13 9.3E-13 2.9E-12 6.9E-12 1.0E-11 1.2E-11 1.5E-11
  611   36  16   5.1E-16 8.6E-16 2.4E-15 5.4E-15 1.8E-14 9.4E-14 3.9E-13 7.5E-13 1.1E-12 1.4E-12
  612   36  17   2.3E-15 3.6E-15 8.9E-15 1.8E-14 4.9E-14 2.0E-13 6.5E-13 1.1E-12 1.5E-12 1.9E-12
  613   36  18   9.1E-15 1.5E-14 3.6E-14 7.2E-14 1.9E-13 7.3E-13 2.2E-12 3.7E-12 5.0E-12 6.2E-12
  614   36  19   1.0E-13 1.5E-13 3.0E-13 5.2E-13 1.0E-12 2.1E-12 3.7E-12 5.2E-12 6.6E-12 8.0E-12
  615   36  20   2.1E-15 3.2E-15 8.0E-15 1.7E-14 4.7E-14 2.0E-13 6.9E-13 1.2E-12 1.8E-12 2.3E-12
  616   36  21   7.7E-15 1.2E-14 2.9E-14 5.4E-14 1.2E-13 3.8E-13 9.8E-13 1.6E-12 2.1E-12 2.6E-12
  617   36  22   8.5E-14 1.3E-13 2.8E-13 5.0E-13 1.1E-12 3.0E-12 6.6E-12 9.2E-12 1.1E-11 1.3E-11
  618   36  23   5.2E-16 8.3E-16 2.1E-15 4.7E-15 1.5E-14 7.8E-14 3.2E-13 6.0E-13 8.6E-13 1.1E-12
  619   36  24   2.4E-13 3.3E-13 6.4E-13 1.1E-12 2.0E-12 4.3E-12 7.7E-12 9.8E-12 1.1E-11 1.2E-11
  620   36  25   5.1E-15 7.7E-15 1.7E-14 3.2E-14 8.0E-14 2.8E-13 8.0E-13 1.3E-12 1.7E-12 2.1E-12
  621   36  26   1.6E-14 2.4E-14 5.0E-14 8.8E-14 2.0E-13 6.3E-13 1.7E-12 2.7E-12 3.6E-12 4.3E-12
  622   36  27   1.5E-14 2.2E-14 4.7E-14 8.2E-14 1.8E-13 5.5E-13 1.5E-12 2.4E-12 3.2E-12 4.0E-12
  623   36  28   3.8E-13 5.4E-13 1.0E-12 1.6E-12 2.7E-12 5.0E-12 7.9E-12 9.6E-12 1.1E-11 1.2E-11
  624   36  29   1.2E-15 1.9E-15 4.7E-15 9.9E-15 2.9E-14 1.4E-13 5.5E-13 1.1E-12 1.6E-12 2.0E-12
  625   36  30   4.9E-12 6.9E-12 1.2E-11 1.9E-11 3.2E-11 6.1E-11 9.7E-11 1.2E-10 1.3E-10 1.4E-10
  626   36  31   1.1E-14 1.5E-14 3.0E-14 5.1E-14 1.1E-13 3.3E-13 9.2E-13 1.5E-12 2.0E-12 2.5E-12
  627   36  32   1.6E-13 2.0E-13 3.2E-13 4.7E-13 8.2E-13 1.9E-12 4.0E-12 5.7E-12 7.2E-12 8.5E-12
  628   36  33   7.7E-17 1.5E-16 5.2E-16 1.4E-15 5.6E-15 4.0E-14 2.1E-13 4.5E-13 6.9E-13 9.2E-13
  629   36  34   3.0E-15 4.0E-15 8.0E-15 1.5E-14 3.7E-14 1.4E-13 4.7E-13 8.3E-13 1.2E-12 1.5E-12
  630   36  35   2.1E-13 2.4E-13 3.2E-13 4.1E-13 6.3E-13 1.3E-12 2.9E-12 4.3E-12 5.5E-12 6.6E-12
  631   37   1   2.1E-17 3.9E-17 1.3E-16 3.3E-16 1.3E-15 8.0E-15 3.3E-14 6.1E-14 8.5E-14 1.1E-13
  632   37   2   2.1E-17 4.1E-17 1.4E-16 3.6E-16 1.3E-15 8.1E-15 3.8E-14 7.7E-14 1.2E-13 1.5E-13
  633   37   3   4.1E-17 7.7E-17 2.7E-16 7.1E-16 3.0E-15 2.2E-14 1.2E-13 2.5E-13 3.8E-13 5.1E-13
  634   37   4   1.5E-16 3.0E-16 1.1E-15 2.8E-15 1.0E-14 6.3E-14 2.7E-13 5.3E-13 7.8E-13 1.0E-12
  635   37   5   3.5E-16 6.6E-16 2.1E-15 5.3E-15 2.0E-14 1.3E-13 5.6E-13 1.0E-12 1.5E-12 1.9E-12
  636   37   6   1.2E-15 2.2E-15 7.0E-15 1.7E-14 5.8E-14 3.0E-13 1.1E-12 1.9E-12 2.7E-12 3.3E-12
  637   37   7   2.3E-16 4.2E-16 1.3E-15 3.1E-15 1.1E-14 5.9E-14 2.5E-13 4.7E-13 6.9E-13 8.9E-13
  638   37   8   1.5E-16 2.7E-16 8.2E-16 2.0E-15 7.3E-15 4.3E-14 1.8E-13 3.6E-13 5.3E-13 6.8E-13
  639   37   9   4.5E-16 8.4E-16 2.7E-15 6.5E-15 2.1E-14 1.0E-13 3.4E-13 5.9E-13 8.1E-13 1.0E-12
  640   37  10   1.7E-15 3.0E-15 8.5E-15 1.9E-14 5.5E-14 2.2E-13 6.1E-13 9.6E-13 1.3E-12 1.5E-12
  641   37  11   5.0E-16 9.4E-16 2.8E-15 6.5E-15 2.0E-14 9.6E-14 3.5E-13 6.3E-13 9.1E-13 1.2E-12
  642   37  12   7.9E-16 1.4E-15 4.3E-15 9.9E-15 3.0E-14 1.3E-13 4.3E-13 7.4E-13 1.0E-12 1.3E-12
  643   37  13   1.4E-15 2.5E-15 6.9E-15 1.5E-14 4.4E-14 1.8E-13 5.6E-13 9.4E-13 1.3E-12 1.6E-12
  644   37  14   1.5E-15 2.8E-15 7.8E-15 1.6E-14 4.5E-14 1.6E-13 4.4E-13 6.6E-13 8.5E-13 1.0E-12
  645   37  15   3.8E-15 6.8E-15 1.9E-14 4.1E-14 1.2E-13 5.2E-13 1.6E-12 2.7E-12 3.5E-12 4.2E-12
  646   37  16   2.0E-15 3.5E-15 9.3E-15 1.9E-14 5.0E-14 1.7E-13 4.5E-13 7.1E-13 9.6E-13 1.2E-12
  647   37  17   3.9E-15 6.8E-15 1.7E-14 3.2E-14 8.1E-14 3.0E-13 9.2E-13 1.6E-12 2.1E-12 2.7E-12
  648   37  18   2.5E-14 4.2E-14 1.1E-13 2.3E-13 6.0E-13 2.1E-12 5.4E-12 8.1E-12 1.0E-11 1.2E-11
  649   37  19   4.0E-15 7.0E-15 1.8E-14 3.8E-14 1.0E-13 3.9E-13 1.1E-12 1.8E-12 2.5E-12 3.0E-12
  650   37  20   1.8E-14 3.2E-14 8.0E-14 1.6E-13 3.9E-13 1.3E-12 3.3E-12 4.9E-12 6.2E-12 7.3E-12
  651   37  21   3.5E-15 5.7E-15 1.4E-14 2.9E-14 7.4E-14 2.7E-13 7.7E-13 1.2E-12 1.6E-12 2.0E-12
  652   37  22   4.3E-14 6.9E-14 1.6E-13 2.9E-13 6.5E-13 1.9E-12 4.3E-12 6.2E-12 7.6E-12 8.9E-12
  653   37  23   5.0E-15 8.0E-15 1.8E-14 3.3E-14 7.8E-14 2.6E-13 7.4E-13 1.2E-12 1.6E-12 2.0E-12
  654   37  24   1.6E-15 2.5E-15 5.4E-15 9.6E-15 2.1E-14 7.4E-14 3.0E-13 6.6E-13 1.1E-12 1.5E-12
  655   37  25   2.0E-14 3.2E-14 6.8E-14 1.2E-13 2.5E-13 7.2E-13 1.8E-12 2.8E-12 3.8E-12 4.6E-12
  656   37  26   1.2E-13 1.9E-13 4.4E-13 8.1E-13 1.8E-12 5.2E-12 1.2E-11 1.7E-11 2.1E-11 2.5E-11
  657   37  27   7.5E-13 1.2E-12 2.4E-12 4.1E-12 8.2E-12 1.9E-11 3.7E-11 4.8E-11 5.6E-11 6.3E-11
  658   37  28   1.1E-13 1.6E-13 2.9E-13 4.4E-13 7.8E-13 1.7E-12 3.3E-12 4.6E-12 5.7E-12 6.6E-12
  659   37  29   2.3E-13 3.5E-13 6.7E-13 1.0E-12 1.8E-12 3.6E-12 5.9E-12 7.3E-12 8.3E-12 9.2E-12
  660   37  30   2.0E-14 3.3E-14 7.3E-14 1.2E-13 2.6E-13 6.9E-13 1.8E-12 3.2E-12 4.5E-12 5.8E-12
  661   37  31   4.0E-13 6.2E-13 1.2E-12 2.1E-12 4.0E-12 9.2E-12 1.8E-11 2.3E-11 2.7E-11 3.0E-11
  662   37  32   5.4E-12 7.3E-12 1.2E-11 1.7E-11 2.5E-11 4.2E-11 6.1E-11 7.1E-11 7.8E-11 8.2E-11
  663   37  33   7.4E-14 1.1E-13 2.0E-13 3.4E-13 6.7E-13 1.6E-12 3.1E-12 4.1E-12 4.9E-12 5.5E-12
  664   37  34   2.3E-12 3.0E-12 4.5E-12 6.1E-12 8.9E-12 1.4E-11 1.9E-11 2.1E-11 2.4E-11 2.5E-11
  665   37  35   3.6E-13 4.8E-13 8.0E-13 1.2E-12 1.9E-12 3.3E-12 5.3E-12 7.0E-12 8.6E-12 1.0E-11
  666   37  36   1.5E-14 2.8E-14 6.8E-14 1.2E-13 2.7E-13 8.3E-13 2.4E-12 4.2E-12 5.9E-12 7.5E-12
  667   38   1   7.4E-17 1.4E-16 4.3E-16 1.1E-15 3.8E-15 2.2E-14 8.6E-14 1.6E-13 2.2E-13 2.7E-13
  668   38   2   3.3E-17 6.3E-17 2.2E-16 5.8E-16 2.4E-15 1.8E-14 1.0E-13 2.3E-13 3.6E-13 4.9E-13
  669   38   3   6.1E-17 1.1E-16 3.6E-16 8.7E-16 2.9E-15 1.4E-14 4.9E-14 9.1E-14 1.3E-13 1.7E-13
  670   38   4   4.9E-17 9.9E-17 3.6E-16 9.2E-16 3.4E-15 2.1E-14 1.0E-13 2.1E-13 3.2E-13 4.2E-13
  671   38   5   1.1E-16 2.1E-16 7.0E-16 1.8E-15 6.8E-15 4.4E-14 2.2E-13 4.5E-13 7.0E-13 9.2E-13
  672   38   6   2.3E-17 4.1E-17 1.3E-16 3.0E-16 1.1E-15 7.3E-15 3.7E-14 8.0E-14 1.2E-13 1.7E-13
  673   38   7   5.8E-17 1.1E-16 3.4E-16 7.9E-16 2.4E-15 1.1E-14 3.9E-14 7.8E-14 1.2E-13 1.6E-13
  674   38   8   9.5E-16 1.8E-15 5.2E-15 1.2E-14 3.8E-14 1.8E-13 6.1E-13 1.0E-12 1.4E-12 1.7E-12
  675   38   9   2.3E-16 4.2E-16 1.2E-15 2.9E-15 9.2E-15 4.4E-14 1.5E-13 2.5E-13 3.3E-13 4.1E-13
  676   38  10   1.1E-16 1.9E-16 5.4E-16 1.2E-15 4.2E-15 2.5E-14 1.2E-13 2.6E-13 4.1E-13 5.5E-13
  677   38  11   1.1E-15 1.9E-15 5.1E-15 1.1E-14 3.0E-14 1.1E-13 3.1E-13 5.3E-13 7.3E-13 9.2E-13
  678   38  12   2.6E-16 4.9E-16 1.4E-15 3.0E-15 8.9E-15 3.9E-14 1.5E-13 3.0E-13 4.5E-13 5.9E-13
  679   38  13   4.0E-16 7.1E-16 1.8E-15 3.5E-15 9.3E-15 3.8E-14 1.4E-13 2.5E-13 3.7E-13 4.7E-13
  680   38  14   2.6E-15 4.5E-15 1.2E-14 2.4E-14 6.7E-14 2.6E-13 7.5E-13 1.2E-12 1.7E-12 2.1E-12
  681   38  15   4.1E-16 6.9E-16 1.9E-15 4.2E-15 1.3E-14 5.7E-14 2.2E-13 4.3E-13 6.4E-13 8.5E-13
  682   38  16   2.8E-16 4.9E-16 1.3E-15 2.7E-15 7.2E-15 2.7E-14 9.5E-14 1.8E-13 2.8E-13 3.7E-13
  683   38  17   1.5E-15 2.7E-15 7.3E-15 1.6E-14 4.4E-14 1.8E-13 5.6E-13 9.7E-13 1.4E-12 1.8E-12
  684   38  18   9.9E-16 1.7E-15 4.2E-15 8.2E-15 2.0E-14 7.5E-14 3.0E-13 6.3E-13 9.8E-13 1.3E-12
  685   38  19   8.3E-15 1.4E-14 3.7E-14 7.3E-14 1.9E-13 6.4E-13 1.7E-12 2.6E-12 3.4E-12 4.1E-12
  686   38  20   4.2E-15 7.4E-15 1.9E-14 3.7E-14 9.4E-14 3.3E-13 9.8E-13 1.7E-12 2.3E-12 2.8E-12
  687   38  21   1.3E-14 2.2E-14 5.5E-14 1.1E-13 2.8E-13 9.7E-13 2.7E-12 4.3E-12 5.8E-12 7.0E-12
  688   38  22   9.2E-15 1.5E-14 3.0E-14 5.0E-14 9.8E-14 2.4E-13 5.6E-13 9.2E-13 1.3E-12 1.6E-12
  689   38  23   2.0E-15 3.6E-15 9.8E-15 2.1E-14 5.9E-14 2.4E-13 7.4E-13 1.2E-12 1.7E-12 2.1E-12
  690   38  24   3.4E-14 5.7E-14 1.3E-13 2.4E-13 5.3E-13 1.5E-12 3.8E-12 5.7E-12 7.4E-12 8.9E-12
  691   38  25   2.8E-14 4.8E-14 1.1E-13 2.1E-13 5.0E-13 1.5E-12 3.7E-12 5.5E-12 7.0E-12 8.4E-12
  692   38  26   5.9E-14 9.7E-14 2.1E-13 3.8E-13 8.4E-13 2.4E-12 5.7E-12 8.4E-12 1.1E-11 1.3E-11
  693   38  27   1.4E-13 2.3E-13 4.5E-13 7.3E-13 1.4E-12 3.1E-12 6.8E-12 1.1E-11 1.4E-11 1.7E-11
  694   38  28   2.4E-13 3.9E-13 8.5E-13 1.5E-12 3.2E-12 8.5E-12 1.8E-11 2.5E-11 3.1E-11 3.6E-11
  695   38  29   9.4E-15 1.5E-14 3.4E-14 6.2E-14 1.4E-13 4.3E-13 1.2E-12 2.0E-12 2.7E-12 3.3E-12
  696   38  30   5.5E-14 8.5E-14 1.6E-13 2.7E-13 5.1E-13 1.2E-12 2.6E-12 3.8E-12 4.7E-12 5.6E-12
  697   38  31   5.6E-14 8.7E-14 1.8E-13 3.0E-13 6.4E-13 1.8E-12 4.3E-12 6.3E-12 7.9E-12 9.3E-12
  698   38  32   1.7E-12 2.6E-12 4.8E-12 7.2E-12 1.2E-11 2.3E-11 3.8E-11 4.6E-11 5.2E-11 5.7E-11
  699   38  33   3.7E-15 6.2E-15 1.5E-14 3.0E-14 7.9E-14 3.0E-13 1.0E-12 1.8E-12 2.7E-12 3.4E-12
  700   38  34   1.5E-13 2.3E-13 4.1E-13 6.1E-13 1.0E-12 2.0E-12 3.7E-12 5.1E-12 6.3E-12 7.3E-12
  701   38  35   4.4E-12 6.2E-12 1.0E-11 1.5E-11 2.3E-11 3.8E-11 5.6E-11 6.5E-11 7.1E-11 7.7E-11
  702   38  36   1.3E-13 1.9E-13 3.1E-13 4.3E-13 6.6E-13 1.1E-12 1.8E-12 2.4E-12 3.0E-12 3.5E-12
  703   38  37   1.8E-13 2.2E-13 3.1E-13 4.0E-13 6.1E-13 1.2E-12 2.3E-12 3.4E-12 4.5E-12 5.4E-12
  704   39   1   8.2E-18 1.6E-17 5.4E-17 1.5E-16 6.5E-16 5.7E-15 3.9E-14 9.4E-14 1.6E-13 2.1E-13
  705   39   2   9.9E-18 1.9E-17 7.0E-17 2.0E-16 9.0E-16 7.8E-15 4.8E-14 1.1E-13 1.8E-13 2.4E-13
  706   39   3   5.3E-17 1.0E-16 3.7E-16 9.8E-16 4.1E-15 3.2E-14 1.8E-13 4.1E-13 6.4E-13 8.6E-13
  707   39   4   1.6E-16 3.3E-16 1.2E-15 3.3E-15 1.4E-14 9.3E-14 4.5E-13 9.0E-13 1.3E-12 1.8E-12
  708   39   5   4.2E-17 8.4E-17 2.9E-16 7.6E-16 3.1E-15 2.2E-14 1.2E-13 2.7E-13 4.2E-13 5.6E-13
  709   39   6   7.9E-17 1.6E-16 6.1E-16 1.6E-15 6.6E-15 4.7E-14 2.6E-13 5.6E-13 8.8E-13 1.2E-12
  710   39   7   3.0E-16 5.9E-16 2.0E-15 5.1E-15 2.0E-14 1.3E-13 6.1E-13 1.2E-12 1.9E-12 2.5E-12
  711   39   8   4.8E-17 9.7E-17 3.5E-16 9.5E-16 4.0E-15 3.0E-14 1.7E-13 3.8E-13 6.1E-13 8.2E-13
  712   39   9   1.2E-15 2.5E-15 8.8E-15 2.2E-14 7.6E-14 4.0E-13 1.5E-12 2.7E-12 3.7E-12 4.6E-12
  713   39  10   3.1E-16 6.4E-16 2.2E-15 5.4E-15 1.9E-14 1.1E-13 4.6E-13 8.7E-13 1.3E-12 1.6E-12
  714   39  11   6.0E-17 1.2E-16 4.8E-16 1.3E-15 5.9E-15 5.0E-14 3.3E-13 7.9E-13 1.3E-12 1.8E-12
  715   39  12   1.8E-15 3.6E-15 1.2E-14 2.7E-14 9.1E-14 4.6E-13 1.7E-12 3.0E-12 4.2E-12 5.2E-12
  716   39  13   1.1E-16 2.3E-16 8.1E-16 2.1E-15 8.5E-15 6.3E-14 3.8E-13 8.8E-13 1.4E-12 2.0E-12
  717   39  14   2.7E-16 5.4E-16 1.8E-15 4.4E-15 1.6E-14 9.3E-14 4.3E-13 9.0E-13 1.4E-12 1.8E-12
  718   39  15   1.7E-16 3.5E-16 1.2E-15 3.1E-15 1.2E-14 8.9E-14 5.1E-13 1.1E-12 1.8E-12 2.5E-12
  719   39  16   6.2E-15 1.2E-14 3.5E-14 7.7E-14 2.2E-13 8.8E-13 2.5E-12 4.0E-12 5.2E-12 6.2E-12
  720   39  17   1.6E-15 3.1E-15 9.1E-15 2.0E-14 5.7E-14 2.3E-13 7.3E-13 1.2E-12 1.7E-12 2.0E-12
  721   39  18   5.5E-16 1.1E-15 3.6E-15 8.9E-15 3.3E-14 2.0E-13 9.9E-13 2.0E-12 3.2E-12 4.2E-12
  722   39  19   4.7E-16 8.7E-16 2.5E-15 5.7E-15 1.9E-14 1.0E-13 5.0E-13 1.0E-12 1.6E-12 2.1E-12
  723   39  20   2.0E-14 3.8E-14 1.1E-13 2.4E-13 6.6E-13 2.5E-12 7.2E-12 1.1E-11 1.5E-11 1.8E-11
  724   39  21   4.2E-15 7.4E-15 2.0E-14 4.3E-14 1.2E-13 5.4E-13 1.8E-12 3.2E-12 4.4E-12 5.5E-12
  725   39  22   3.5E-15 6.1E-15 1.5E-14 3.1E-14 8.4E-14 3.5E-13 1.3E-12 2.3E-12 3.4E-12 4.3E-12
  726   39  23   1.9E-14 3.2E-14 7.7E-14 1.4E-13 3.1E-13 9.3E-13 2.5E-12 4.2E-12 5.7E-12 7.0E-12
  727   39  24   1.0E-15 1.7E-15 4.3E-15 8.8E-15 2.5E-14 1.2E-13 4.9E-13 1.0E-12 1.6E-12 2.1E-12
  728   39  25   4.0E-14 6.9E-14 1.6E-13 3.0E-13 6.8E-13 2.0E-12 4.6E-12 6.8E-12 8.7E-12 1.0E-11
  729   39  26   6.3E-15 1.1E-14 2.6E-14 4.9E-14 1.2E-13 4.4E-13 1.4E-12 2.4E-12 3.4E-12 4.3E-12
  730   39  27   2.1E-14 3.4E-14 7.6E-14 1.4E-13 3.2E-13 1.0E-12 3.0E-12 4.9E-12 6.7E-12 8.3E-12
  731   39  28   1.1E-14 1.8E-14 4.2E-14 7.7E-14 1.8E-13 6.0E-13 1.8E-12 3.0E-12 4.1E-12 5.1E-12
  732   39  29   6.3E-13 1.1E-12 2.5E-12 4.3E-12 9.0E-12 2.3E-11 4.7E-11 6.5E-11 7.9E-11 9.1E-11
  733   39  30   1.1E-15 1.9E-15 4.9E-15 1.0E-14 3.0E-14 1.5E-13 6.9E-13 1.5E-12 2.4E-12 3.3E-12
  734   39  31   2.5E-13 3.7E-13 7.1E-13 1.1E-12 2.1E-12 4.8E-12 9.8E-12 1.4E-11 1.7E-11 2.0E-11
  735   39  32   6.1E-14 9.8E-14 2.1E-13 3.5E-13 7.2E-13 1.9E-12 4.5E-12 6.9E-12 8.9E-12 1.1E-11
  736   39  33   1.7E-13 2.7E-13 5.0E-13 7.6E-13 1.4E-12 3.9E-12 1.0E-11 1.6E-11 2.1E-11 2.5E-11
  737   39  34   3.7E-12 5.2E-12 8.3E-12 1.1E-11 1.7E-11 2.6E-11 3.7E-11 4.4E-11 4.9E-11 5.4E-11
  738   39  35   9.7E-15 1.6E-14 3.7E-14 7.1E-14 1.7E-13 6.0E-13 1.7E-12 2.8E-12 3.9E-12 4.8E-12
  739   39  36   3.7E-16 8.0E-16 2.4E-15 5.5E-15 1.9E-14 1.2E-13 6.3E-13 1.4E-12 2.3E-12 3.2E-12
  740   39  37   3.3E-13 4.8E-13 8.8E-13 1.4E-12 2.6E-12 5.9E-12 1.2E-11 1.6E-11 2.0E-11 2.3E-11
  741   39  38   1.6E-14 2.9E-14 7.4E-14 1.4E-13 3.3E-13 1.0E-12 2.6E-12 4.0E-12 5.2E-12 6.3E-12
  742   40   1   4.3E-17 9.0E-17 3.4E-16 9.6E-16 4.5E-15 4.0E-14 2.7E-13 6.4E-13 1.0E-12 1.4E-12
  743   40   2   5.9E-18 1.1E-17 3.6E-17 8.7E-17 3.2E-16 2.0E-15 9.1E-15 1.8E-14 2.7E-14 3.5E-14
  744   40   3   1.6E-16 3.2E-16 1.2E-15 3.2E-15 1.4E-14 1.1E-13 6.7E-13 1.6E-12 2.5E-12 3.4E-12
  745   40   4   2.2E-17 4.0E-17 1.3E-16 3.2E-16 1.3E-15 1.2E-14 9.9E-14 2.6E-13 4.5E-13 6.3E-13
  746   40   5   3.1E-17 6.3E-17 2.3E-16 6.2E-16 2.8E-15 2.4E-14 1.6E-13 3.7E-13 6.1E-13 8.4E-13
  747   40   6   1.2E-16 2.4E-16 8.5E-16 2.3E-15 9.6E-15 7.3E-14 4.2E-13 9.5E-13 1.5E-12 2.0E-12
  748   40   7   6.5E-16 1.3E-15 4.4E-15 1.1E-14 4.0E-14 2.4E-13 1.1E-12 2.1E-12 3.1E-12 4.0E-12
  749   40   8   1.2E-16 2.2E-16 7.2E-16 1.8E-15 6.5E-15 4.1E-14 2.1E-13 4.4E-13 7.0E-13 9.3E-13
  750   40   9   1.1E-16 1.9E-16 5.5E-16 1.3E-15 4.4E-15 2.7E-14 1.5E-13 3.3E-13 5.2E-13 7.1E-13
  751   40  10   4.7E-17 9.2E-17 3.0E-16 7.7E-16 3.0E-15 2.1E-14 1.2E-13 2.6E-13 4.1E-13 5.5E-13
  752   40  11   5.1E-16 1.0E-15 3.4E-15 8.5E-15 3.2E-14 2.0E-13 1.0E-12 2.2E-12 3.5E-12 4.7E-12
  753   40  12   1.3E-15 2.5E-15 7.9E-15 1.9E-14 6.3E-14 3.3E-13 1.3E-12 2.5E-12 3.6E-12 4.7E-12
  754   40  13   6.3E-16 1.2E-15 3.7E-15 8.7E-15 3.0E-14 1.7E-13 7.4E-13 1.5E-12 2.1E-12 2.8E-12
  755   40  14   1.4E-15 2.6E-15 7.5E-15 1.7E-14 5.1E-14 2.5E-13 9.2E-13 1.7E-12 2.4E-12 3.0E-12
  756   40  15   6.9E-16 1.3E-15 3.9E-15 9.0E-15 3.1E-14 1.8E-13 8.7E-13 1.8E-12 2.8E-12 3.7E-12
  757   40  16   7.2E-16 1.4E-15 4.3E-15 9.9E-15 3.3E-14 1.7E-13 6.3E-13 1.2E-12 1.6E-12 2.1E-12
  758   40  17   4.6E-16 8.8E-16 2.5E-15 5.5E-15 1.6E-14 7.5E-14 3.0E-13 5.9E-13 8.7E-13 1.1E-12
  759   40  18   3.7E-15 6.7E-15 2.0E-14 4.4E-14 1.4E-13 6.7E-13 2.5E-12 4.4E-12 6.1E-12 7.7E-12
  760   40  19   1.6E-16 2.8E-16 7.3E-16 1.5E-15 4.2E-15 1.8E-14 7.1E-14 1.4E-13 2.2E-13 2.9E-13
  761   40  20   2.7E-15 5.0E-15 1.5E-14 3.3E-14 1.1E-13 5.4E-13 2.1E-12 4.0E-12 5.7E-12 7.3E-12
  762   40  21   2.4E-14 4.4E-14 1.2E-13 2.5E-13 6.7E-13 2.5E-12 7.1E-12 1.1E-11 1.5E-11 1.8E-11
  763   40  22   2.3E-15 4.0E-15 1.0E-14 2.1E-14 5.8E-14 2.3E-13 7.3E-13 1.3E-12 1.8E-12 2.2E-12
  764   40  23   1.1E-14 2.0E-14 5.3E-14 1.1E-13 2.7E-13 9.4E-13 2.6E-12 4.0E-12 5.3E-12 6.4E-12
  765   40  24   8.6E-16 1.6E-15 4.3E-15 9.3E-15 2.9E-14 1.6E-13 7.9E-13 1.8E-12 2.8E-12 3.9E-12
  766   40  25   4.4E-15 7.0E-15 1.4E-14 2.5E-14 5.4E-14 2.0E-13 7.5E-13 1.4E-12 2.1E-12 2.7E-12
  767   40  26   9.4E-15 1.6E-14 3.8E-14 7.2E-14 1.8E-13 6.4E-13 1.9E-12 3.1E-12 4.3E-12 5.4E-12
  768   40  27   4.0E-14 7.0E-14 1.8E-13 3.4E-13 8.3E-13 2.8E-12 7.6E-12 1.2E-11 1.6E-11 1.9E-11
  769   40  28   4.7E-15 7.9E-15 1.8E-14 3.3E-14 7.7E-14 2.7E-13 8.7E-13 1.6E-12 2.3E-12 2.9E-12
  770   40  29   1.4E-14 2.5E-14 7.1E-14 1.5E-13 4.2E-13 1.7E-12 5.2E-12 8.4E-12 1.1E-11 1.4E-11
  771   40  30   5.6E-15 9.4E-15 2.3E-14 4.4E-14 1.1E-13 4.9E-13 2.0E-12 4.2E-12 6.5E-12 8.7E-12
  772   40  31   5.6E-13 9.3E-13 2.1E-12 3.6E-12 7.6E-12 2.0E-11 4.2E-11 5.8E-11 6.9E-11 7.9E-11
  773   40  32   1.0E-13 1.5E-13 2.9E-13 4.5E-13 8.2E-13 1.8E-12 3.8E-12 5.6E-12 7.2E-12 8.6E-12
  774   40  33   1.3E-13 2.0E-13 3.8E-13 6.0E-13 1.0E-12 2.2E-12 4.1E-12 5.6E-12 6.9E-12 8.0E-12
  775   40  34   3.3E-13 5.1E-13 1.1E-12 1.7E-12 3.4E-12 8.0E-12 1.6E-11 2.2E-11 2.6E-11 3.0E-11
  776   40  35   6.0E-14 9.6E-14 2.0E-13 3.4E-13 6.8E-13 1.8E-12 4.1E-12 6.2E-12 8.1E-12 9.9E-12
  777   40  36   7.9E-15 1.2E-14 2.5E-14 4.4E-14 1.0E-13 3.8E-13 1.2E-12 2.3E-12 3.3E-12 4.2E-12
  778   40  37   4.1E-12 5.9E-12 9.7E-12 1.4E-11 2.1E-11 3.5E-11 5.2E-11 6.2E-11 7.0E-11 7.7E-11
  779   40  38   3.8E-13 5.1E-13 8.4E-13 1.2E-12 1.9E-12 3.4E-12 5.6E-12 7.3E-12 8.8E-12 1.0E-11
  780   40  39   1.5E-12 2.1E-12 3.8E-12 5.5E-12 8.9E-12 1.6E-11 2.7E-11 3.2E-11 3.6E-11 3.9E-11
  781   41   1   3.7E-18 7.7E-18 2.9E-17 8.1E-17 3.8E-16 3.4E-15 2.2E-14 5.2E-14 8.4E-14 1.1E-13
  782   41   2   1.7E-17 3.5E-17 1.2E-16 3.2E-16 1.4E-15 1.1E-14 6.0E-14 1.3E-13 2.1E-13 2.8E-13
  783   41   3   2.3E-18 3.9E-18 1.1E-17 2.6E-17 1.0E-16 8.3E-16 6.8E-15 1.9E-14 3.3E-14 4.7E-14
  784   41   4   2.2E-17 4.3E-17 1.5E-16 3.9E-16 1.6E-15 1.2E-14 6.4E-14 1.4E-13 2.3E-13 3.0E-13
  785   41   5   1.7E-17 3.3E-17 1.2E-16 3.1E-16 1.4E-15 1.2E-14 7.5E-14 1.8E-13 2.9E-13 4.0E-13
  786   41   6   5.2E-17 1.0E-16 3.2E-16 8.0E-16 3.0E-15 2.0E-14 1.0E-13 2.2E-13 3.4E-13 4.5E-13
  787   41   7   7.3E-17 1.4E-16 4.4E-16 1.1E-15 4.2E-15 3.0E-14 1.7E-13 3.9E-13 6.3E-13 8.6E-13
  788   41   8   1.1E-16 2.2E-16 7.3E-16 1.9E-15 7.8E-15 5.6E-14 2.9E-13 6.0E-13 9.2E-13 1.2E-12
  789   41   9   7.2E-17 1.4E-16 4.9E-16 1.2E-15 4.8E-15 3.4E-14 1.9E-13 4.2E-13 6.7E-13 9.1E-13
  790   41  10   4.9E-16 9.3E-16 2.9E-15 6.8E-15 2.3E-14 1.2E-13 4.8E-13 9.0E-13 1.3E-12 1.7E-12
  791   41  11   2.3E-16 4.2E-16 1.3E-15 3.0E-15 1.1E-14 6.1E-14 2.6E-13 5.1E-13 7.6E-13 9.8E-13
  792   41  12   5.2E-17 8.8E-17 2.2E-16 4.5E-16 1.3E-15 7.1E-15 3.6E-14 8.2E-14 1.3E-13 1.8E-13
  793   41  13   1.3E-15 2.3E-15 6.5E-15 1.4E-14 4.2E-14 1.9E-13 7.4E-13 1.4E-12 2.0E-12 2.6E-12
  794   41  14   1.2E-15 2.0E-15 5.4E-15 1.1E-14 3.4E-14 1.5E-13 5.3E-13 9.5E-13 1.3E-12 1.7E-12
  795   41  15   8.2E-17 1.5E-16 4.1E-16 8.7E-16 2.6E-15 1.3E-14 6.0E-14 1.3E-13 2.1E-13 2.9E-13
  796   41  16   2.2E-16 4.3E-16 1.3E-15 3.2E-15 1.1E-14 5.7E-14 2.3E-13 4.3E-13 6.4E-13 8.3E-13
  797   41  17   1.1E-15 2.0E-15 5.6E-15 1.2E-14 3.7E-14 1.7E-13 6.0E-13 1.1E-12 1.5E-12 1.9E-12
  798   41  18   5.2E-16 9.7E-16 2.8E-15 6.1E-15 1.9E-14 8.9E-14 3.4E-13 6.4E-13 9.4E-13 1.2E-12
  799   41  19   2.3E-15 4.0E-15 1.1E-14 2.4E-14 7.2E-14 3.3E-13 1.1E-12 1.9E-12 2.7E-12 3.3E-12
  800   41  20   9.2E-17 1.9E-16 6.2E-16 1.5E-15 5.6E-15 3.9E-14 2.3E-13 5.4E-13 8.7E-13 1.2E-12
  801   41  21   1.3E-15 2.4E-15 6.1E-15 1.3E-14 3.8E-14 2.1E-13 9.9E-13 2.0E-12 3.1E-12 4.1E-12
  802   41  22   1.5E-14 2.6E-14 6.5E-14 1.3E-13 3.3E-13 1.1E-12 3.1E-12 4.8E-12 6.3E-12 7.6E-12
  803   41  23   8.8E-16 1.6E-15 4.0E-15 8.0E-15 2.2E-14 9.2E-14 3.5E-13 6.6E-13 9.7E-13 1.3E-12
  804   41  24   4.9E-15 8.7E-15 2.3E-14 4.6E-14 1.3E-13 5.2E-13 1.7E-12 2.9E-12 3.9E-12 4.9E-12
  805   41  25   6.0E-15 1.1E-14 3.0E-14 6.3E-14 1.8E-13 7.4E-13 2.3E-12 3.8E-12 5.1E-12 6.3E-12
  806   41  26   1.5E-14 2.4E-14 5.4E-14 9.3E-14 1.9E-13 5.2E-13 1.4E-12 2.5E-12 3.6E-12 4.6E-12
  807   41  27   4.6E-14 8.0E-14 2.0E-13 3.8E-13 9.4E-13 3.1E-12 7.8E-12 1.2E-11 1.5E-11 1.8E-11
  808   41  28   9.1E-14 1.5E-13 3.2E-13 5.6E-13 1.2E-12 3.5E-12 8.2E-12 1.2E-11 1.5E-11 1.8E-11
  809   41  29   1.0E-14 1.8E-14 4.5E-14 8.5E-14 2.1E-13 6.9E-13 2.0E-12 3.4E-12 4.7E-12 5.9E-12
  810   41  30   3.5E-15 4.5E-15 8.7E-15 1.5E-14 3.7E-14 1.4E-13 5.4E-13 1.1E-12 1.6E-12 2.1E-12
  811   41  31   9.8E-14 1.6E-13 3.2E-13 5.3E-13 1.0E-12 2.7E-12 6.3E-12 9.8E-12 1.3E-11 1.6E-11
  812   41  32   2.4E-13 3.8E-13 8.1E-13 1.4E-12 2.9E-12 7.8E-12 1.7E-11 2.5E-11 3.1E-11 3.6E-11
  813   41  33   3.9E-15 6.4E-15 1.5E-14 3.0E-14 8.0E-14 3.3E-13 1.1E-12 2.0E-12 2.8E-12 3.6E-12
  814   41  34   7.7E-14 1.2E-13 2.3E-13 3.7E-13 7.7E-13 2.1E-12 4.9E-12 7.2E-12 9.1E-12 1.1E-11
  815   41  35   2.1E-13 3.0E-13 5.4E-13 8.4E-13 1.5E-12 3.7E-12 7.8E-12 1.1E-11 1.4E-11 1.6E-11
  816   41  36   3.4E-14 3.2E-14 5.2E-14 8.2E-14 1.6E-13 3.8E-13 8.7E-13 1.4E-12 1.9E-12 2.4E-12
  817   41  37   1.2E-12 1.7E-12 3.1E-12 4.4E-12 6.8E-12 1.2E-11 1.8E-11 2.2E-11 2.5E-11 2.8E-11
  818   41  38   1.0E-11 1.3E-11 2.0E-11 2.7E-11 4.0E-11 6.6E-11 1.0E-10 1.2E-10 1.3E-10 1.5E-10
  819   41  39   3.9E-14 5.8E-14 1.1E-13 1.9E-13 3.8E-13 1.0E-12 2.5E-12 3.9E-12 5.2E-12 6.3E-12
  820   41  40   7.0E-14 9.4E-14 1.9E-13 3.4E-13 7.3E-13 1.9E-12 4.0E-12 5.6E-12 7.0E-12 8.2E-12
  821   42   1   4.5E-18 8.8E-18 2.8E-17 6.9E-17 2.6E-16 1.6E-15 6.3E-15 1.1E-14 1.6E-14 2.0E-14
  822   42   2   7.2E-18 1.5E-17 5.1E-17 1.2E-16 4.4E-16 2.4E-15 9.0E-15 1.5E-14 2.1E-14 2.5E-14
  823   42   3   1.2E-17 2.6E-17 1.0E-16 2.8E-16 1.3E-15 1.1E-14 6.5E-14 1.5E-13 2.4E-13 3.2E-13
  824   42   4   6.2E-17 1.2E-16 4.0E-16 1.0E-15 3.9E-15 2.6E-14 1.3E-13 2.9E-13 4.6E-13 6.1E-13
  825   42   5   8.7E-17 1.6E-16 5.2E-16 1.3E-15 4.9E-15 3.1E-14 1.4E-13 2.7E-13 3.9E-13 5.1E-13
  826   42   6   2.4E-16 4.5E-16 1.4E-15 3.4E-15 1.2E-14 7.2E-14 3.3E-13 6.7E-13 1.0E-12 1.3E-12
  827   42   7   8.8E-17 1.8E-16 6.2E-16 1.6E-15 6.0E-15 3.9E-14 1.9E-13 4.0E-13 6.1E-13 8.1E-13
  828   42   8   5.2E-17 1.0E-16 3.4E-16 8.2E-16 2.9E-15 1.6E-14 6.7E-14 1.3E-13 2.0E-13 2.6E-13
  829   42   9   1.3E-16 2.4E-16 7.2E-16 1.6E-15 5.4E-15 2.7E-14 1.0E-13 2.0E-13 2.9E-13 3.8E-13
  830   42  10   4.3E-16 7.8E-16 2.3E-15 5.2E-15 1.6E-14 7.1E-14 2.4E-13 4.2E-13 6.0E-13 7.5E-13
  831   42  11   3.4E-16 7.3E-16 2.5E-15 6.4E-15 2.4E-14 1.5E-13 7.1E-13 1.4E-12 2.2E-12 2.8E-12
  832   42  12   9.3E-16 1.6E-15 4.6E-15 1.0E-14 3.2E-14 1.5E-13 5.6E-13 1.0E-12 1.4E-12 1.8E-12
  833   42  13   1.2E-15 2.3E-15 6.7E-15 1.5E-14 4.7E-14 2.3E-13 8.9E-13 1.7E-12 2.5E-12 3.2E-12
  834   42  14   1.2E-15 1.9E-15 5.1E-15 1.1E-14 3.3E-14 1.6E-13 6.3E-13 1.2E-12 1.8E-12 2.3E-12
  835   42  15   2.6E-15 4.9E-15 1.4E-14 3.2E-14 1.0E-13 4.6E-13 1.5E-12 2.5E-12 3.4E-12 4.2E-12
  836   42  16   3.7E-16 6.7E-16 2.0E-15 4.6E-15 1.6E-14 9.1E-14 4.0E-13 8.1E-13 1.2E-12 1.6E-12
  837   42  17   1.6E-15 2.8E-15 7.8E-15 1.7E-14 5.0E-14 2.2E-13 7.5E-13 1.3E-12 1.9E-12 2.3E-12
  838   42  18   1.2E-14 2.0E-14 5.2E-14 1.1E-13 2.9E-13 1.1E-12 3.0E-12 4.8E-12 6.3E-12 7.6E-12
  839   42  19   3.3E-15 5.5E-15 1.4E-14 2.7E-14 6.6E-14 1.9E-13 4.3E-13 6.7E-13 9.2E-13 1.2E-12
  840   42  20   1.1E-15 1.8E-15 4.6E-15 9.2E-15 2.5E-14 1.1E-13 4.1E-13 7.9E-13 1.2E-12 1.5E-12
  841   42  21   1.9E-15 3.3E-15 8.9E-15 1.9E-14 5.4E-14 2.4E-13 8.4E-13 1.5E-12 2.1E-12 2.7E-12
  842   42  22   2.9E-14 4.4E-14 9.8E-14 1.8E-13 3.9E-13 1.1E-12 3.0E-12 5.1E-12 7.1E-12 9.0E-12
  843   42  23   8.6E-16 1.5E-15 4.0E-15 8.6E-15 2.6E-14 1.2E-13 4.6E-13 8.7E-13 1.3E-12 1.7E-12
  844   42  24   7.6E-15 1.4E-14 3.7E-14 7.4E-14 2.0E-13 8.2E-13 2.6E-12 4.4E-12 6.1E-12 7.5E-12
  845   42  25   6.2E-15 1.1E-14 2.6E-14 4.8E-14 1.1E-13 3.2E-13 7.2E-13 1.0E-12 1.3E-12 1.6E-12
  846   42  26   3.5E-14 5.8E-14 1.3E-13 2.5E-13 5.7E-13 1.7E-12 4.1E-12 6.1E-12 7.9E-12 9.4E-12
  847   42  27   1.1E-14 1.8E-14 3.9E-14 7.1E-14 1.7E-13 5.5E-13 1.6E-12 2.7E-12 3.7E-12 4.7E-12
  848   42  28   7.6E-14 1.1E-13 2.2E-13 3.6E-13 7.3E-13 1.8E-12 3.7E-12 5.3E-12 6.6E-12 7.8E-12
  849   42  29   4.2E-15 6.8E-15 1.6E-14 3.2E-14 8.4E-14 3.2E-13 9.8E-13 1.6E-12 2.3E-12 2.8E-12
  850   42  30   1.9E-13 3.2E-13 7.4E-13 1.3E-12 3.0E-12 8.6E-12 2.0E-11 2.8E-11 3.5E-11 4.0E-11
  851   42  31   2.5E-14 4.2E-14 9.9E-14 1.8E-13 4.1E-13 1.2E-12 2.8E-12 4.1E-12 5.3E-12 6.2E-12
  852   42  32   2.8E-13 4.4E-13 8.6E-13 1.3E-12 2.3E-12 4.4E-12 7.0E-12 8.9E-12 1.0E-11 1.2E-11
  853   42  33   7.6E-16 1.3E-15 3.7E-15 8.4E-15 2.8E-14 1.5E-13 6.4E-13 1.3E-12 1.9E-12 2.4E-12
  854   42  34   1.5E-14 2.3E-14 4.7E-14 8.1E-14 1.8E-13 5.4E-13 1.4E-12 2.2E-12 2.9E-12 3.5E-12
  855   42  35   2.7E-12 4.2E-12 7.9E-12 1.2E-11 2.1E-11 4.3E-11 7.2E-11 8.8E-11 9.9E-11 1.1E-10
  856   42  36   1.4E-12 2.1E-12 3.9E-12 5.9E-12 9.8E-12 1.8E-11 3.0E-11 3.6E-11 4.1E-11 4.5E-11
  857   42  37   1.6E-13 2.2E-13 4.0E-13 6.1E-13 1.1E-12 2.8E-12 6.0E-12 8.6E-12 1.1E-11 1.2E-11
  858   42  38   3.8E-13 4.7E-13 6.4E-13 8.0E-13 1.1E-12 2.0E-12 3.6E-12 4.9E-12 6.0E-12 7.0E-12
  859   42  39   2.5E-15 4.1E-15 1.0E-14 2.1E-14 6.0E-14 2.8E-13 1.1E-12 2.1E-12 3.2E-12 4.2E-12
  860   42  40   5.2E-14 7.7E-14 1.5E-13 2.5E-13 5.3E-13 1.5E-12 3.8E-12 5.9E-12 7.8E-12 9.4E-12
  861   42  41   9.0E-14 2.0E-13 4.7E-13 7.5E-13 1.3E-12 2.5E-12 4.2E-12 5.6E-12 7.0E-12 8.3E-12
  862   43   1   8.4E-17 1.5E-16 4.3E-16 1.0E-15 3.9E-15 2.7E-14 1.5E-13 3.3E-13 5.2E-13 6.9E-13
  863   43   2   5.9E-17 1.1E-16 3.4E-16 8.7E-16 3.6E-15 2.9E-14 1.8E-13 4.1E-13 6.7E-13 9.1E-13
  864   43   3   9.7E-17 1.9E-16 5.8E-16 1.4E-15 5.2E-15 3.5E-14 1.8E-13 3.9E-13 6.1E-13 8.1E-13
  865   43   4   1.2E-16 2.1E-16 6.2E-16 1.5E-15 5.6E-15 3.9E-14 2.2E-13 4.9E-13 7.7E-13 1.0E-12
  866   43   5   3.5E-16 6.6E-16 2.0E-15 4.6E-15 1.7E-14 1.0E-13 5.1E-13 1.1E-12 1.6E-12 2.1E-12
  867   43   6   1.1E-16 2.0E-16 6.3E-16 1.5E-15 5.8E-15 4.1E-14 2.3E-13 5.1E-13 8.1E-13 1.1E-12
  868   43   7   1.8E-16 3.3E-16 9.9E-16 2.3E-15 8.7E-15 5.8E-14 3.0E-13 6.4E-13 9.9E-13 1.3E-12
  869   43   8   1.6E-15 2.8E-15 7.6E-15 1.7E-14 5.3E-14 2.7E-13 1.1E-12 2.0E-12 2.8E-12 3.6E-12
  870   43   9   1.2E-16 2.2E-16 6.5E-16 1.6E-15 6.3E-15 4.8E-14 2.9E-13 6.7E-13 1.1E-12 1.5E-12
  871   43  10   4.3E-16 8.0E-16 2.3E-15 5.3E-15 1.9E-14 1.2E-13 5.7E-13 1.2E-12 1.8E-12 2.4E-12
  872   43  11   1.8E-15 3.3E-15 9.3E-15 2.0E-14 6.3E-14 2.9E-13 1.0E-12 1.8E-12 2.4E-12 3.0E-12
  873   43  12   2.0E-16 3.7E-16 1.0E-15 2.3E-15 8.0E-15 4.9E-14 2.5E-13 5.5E-13 8.5E-13 1.1E-12
  874   43  13   1.5E-15 2.6E-15 7.2E-15 1.6E-14 4.9E-14 2.4E-13 9.2E-13 1.7E-12 2.4E-12 3.1E-12
  875   43  14   5.2E-16 9.3E-16 2.5E-15 5.6E-15 1.9E-14 1.1E-13 5.5E-13 1.1E-12 1.7E-12 2.3E-12
  876   43  15   4.9E-15 8.9E-15 2.4E-14 4.9E-14 1.4E-13 6.0E-13 1.9E-12 3.2E-12 4.4E-12 5.4E-12
  877   43  16   1.5E-16 2.8E-16 8.2E-16 1.9E-15 7.2E-15 5.0E-14 2.9E-13 6.5E-13 1.0E-12 1.4E-12
  878   43  17   7.9E-16 1.4E-15 3.7E-15 8.0E-15 2.5E-14 1.4E-13 6.1E-13 1.3E-12 1.9E-12 2.5E-12
  879   43  18   2.4E-15 4.2E-15 1.0E-14 2.1E-14 5.8E-14 2.4E-13 8.1E-13 1.4E-12 2.0E-12 2.5E-12
  880   43  19   3.2E-14 5.5E-14 1.3E-13 2.5E-13 6.5E-13 2.3E-12 6.2E-12 9.8E-12 1.3E-11 1.5E-11
  881   43  20   4.2E-16 7.4E-16 2.0E-15 4.4E-15 1.5E-14 8.5E-14 4.1E-13 8.7E-13 1.3E-12 1.8E-12
  882   43  21   2.6E-15 4.6E-15 1.2E-14 2.4E-14 7.1E-14 3.2E-13 1.2E-12 2.1E-12 3.0E-12 3.9E-12
  883   43  22   5.1E-15 8.7E-15 2.1E-14 4.0E-14 1.1E-13 4.4E-13 1.5E-12 2.5E-12 3.5E-12 4.4E-12
  884   43  23   1.3E-16 2.3E-16 6.5E-16 1.5E-15 5.9E-15 4.6E-14 2.9E-13 6.9E-13 1.1E-12 1.6E-12
  885   43  24   7.6E-14 1.3E-13 2.8E-13 5.0E-13 1.1E-12 3.4E-12 8.1E-12 1.2E-11 1.5E-11 1.7E-11
  886   43  25   1.1E-15 2.0E-15 5.0E-15 1.0E-14 3.2E-14 1.8E-13 9.0E-13 1.9E-12 3.0E-12 4.0E-12
  887   43  26   3.9E-15 6.7E-15 1.5E-14 2.8E-14 6.8E-14 2.4E-13 7.1E-13 1.2E-12 1.7E-12 2.1E-12
  888   43  27   2.6E-15 4.4E-15 1.0E-14 1.8E-14 4.6E-14 1.8E-13 6.5E-13 1.2E-12 1.7E-12 2.2E-12
  889   43  28   6.6E-14 1.1E-13 2.5E-13 4.5E-13 1.0E-12 3.2E-12 7.9E-12 1.2E-11 1.5E-11 1.8E-11
  890   43  29   5.0E-16 8.6E-16 2.2E-15 4.6E-15 1.5E-14 9.0E-14 4.7E-13 1.0E-12 1.7E-12 2.2E-12
  891   43  30   2.2E-13 3.5E-13 7.2E-13 1.2E-12 2.3E-12 5.6E-12 1.1E-11 1.3E-11 1.5E-11 1.7E-11
  892   43  31   2.3E-15 3.9E-15 9.3E-15 1.8E-14 5.1E-14 2.5E-13 1.0E-12 2.0E-12 3.0E-12 4.0E-12
  893   43  32   1.5E-14 2.4E-14 5.0E-14 8.8E-14 2.1E-13 7.8E-13 2.7E-12 4.9E-12 7.0E-12 8.9E-12
  894   43  33   7.8E-17 1.4E-16 4.1E-16 1.0E-15 4.3E-15 3.9E-14 2.9E-13 7.4E-13 1.3E-12 1.8E-12
  895   43  34   1.3E-15 2.3E-15 5.6E-15 1.1E-14 3.5E-14 2.0E-13 1.0E-12 2.2E-12 3.5E-12 4.8E-12
  896   43  35   3.0E-13 4.7E-13 9.2E-13 1.4E-12 2.7E-12 6.1E-12 1.2E-11 1.6E-11 1.9E-11 2.1E-11
  897   43  36   3.9E-12 5.8E-12 1.1E-11 1.6E-11 2.6E-11 5.1E-11 8.4E-11 1.0E-10 1.2E-10 1.3E-10
  898   43  37   8.5E-15 1.3E-14 2.7E-14 4.5E-14 1.0E-13 3.5E-13 1.1E-12 2.0E-12 2.8E-12 3.6E-12
  899   43  38   1.0E-13 1.5E-13 2.6E-13 3.8E-13 7.0E-13 2.0E-12 5.4E-12 9.1E-12 1.2E-11 1.6E-11
  900   43  39   1.5E-16 2.9E-16 8.8E-16 2.2E-15 9.5E-15 7.9E-14 5.1E-13 1.2E-12 2.1E-12 2.9E-12
  901   43  40   2.2E-15 3.6E-15 8.2E-15 1.6E-14 4.5E-14 2.1E-13 8.8E-13 1.8E-12 2.7E-12 3.5E-12
  902   43  41   2.7E-14 4.0E-14 7.4E-14 1.2E-13 2.6E-13 8.6E-13 2.6E-12 4.6E-12 6.5E-12 8.2E-12
  903   43  42   1.4E-13 1.7E-13 2.2E-13 2.6E-13 3.9E-13 1.1E-12 3.5E-12 5.9E-12 8.0E-12 9.9E-12
  904   44   1   6.8E-18 1.3E-17 4.4E-17 1.2E-16 5.2E-16 4.7E-15 3.5E-14 8.8E-14 1.5E-13 2.1E-13
  905   44   2   1.3E-17 2.8E-17 9.8E-17 2.7E-16 1.3E-15 1.2E-14 8.4E-14 2.1E-13 3.4E-13 4.7E-13
  906   44   3   1.1E-17 1.9E-17 5.4E-17 1.2E-16 4.2E-16 2.4E-15 1.2E-14 2.7E-14 4.4E-14 6.0E-14
  907   44   4   1.9E-17 3.9E-17 1.3E-16 3.6E-16 1.6E-15 1.3E-14 7.9E-14 1.8E-13 3.0E-13 4.1E-13
  908   44   5   9.1E-17 1.8E-16 6.0E-16 1.6E-15 6.3E-15 4.6E-14 2.5E-13 5.5E-13 8.7E-13 1.2E-12
  909   44   6   3.0E-17 6.0E-17 1.9E-16 4.9E-16 2.0E-15 1.6E-14 1.0E-13 2.5E-13 4.1E-13 5.7E-13
  910   44   7   3.3E-17 6.7E-17 2.2E-16 5.8E-16 2.5E-15 2.1E-14 1.4E-13 3.5E-13 5.8E-13 8.0E-13
  911   44   8   1.2E-16 2.5E-16 8.2E-16 2.1E-15 9.0E-15 6.7E-14 3.9E-13 8.8E-13 1.4E-12 1.9E-12
  912   44   9   7.3E-17 1.5E-16 4.9E-16 1.3E-15 5.1E-15 3.7E-14 2.1E-13 4.8E-13 7.8E-13 1.1E-12
  913   44  10   8.3E-17 1.7E-16 5.9E-16 1.6E-15 6.8E-15 5.2E-14 3.1E-13 7.0E-13 1.1E-12 1.5E-12
  914   44  11   4.9E-17 9.4E-17 2.9E-16 7.4E-16 3.1E-15 2.4E-14 1.5E-13 3.4E-13 5.6E-13 7.6E-13
  915   44  12   2.6E-16 5.1E-16 1.6E-15 3.7E-15 1.3E-14 7.6E-14 3.4E-13 6.8E-13 1.0E-12 1.3E-12
  916   44  13   6.3E-16 1.3E-15 4.1E-15 1.0E-14 3.7E-14 2.2E-13 9.8E-13 2.0E-12 2.9E-12 3.8E-12
  917   44  14   1.2E-15 2.4E-15 7.2E-15 1.7E-14 5.8E-14 3.2E-13 1.4E-12 2.7E-12 4.0E-12 5.2E-12
  918   44  15   4.9E-16 9.4E-16 2.7E-15 6.0E-15 2.0E-14 1.0E-13 3.8E-13 7.1E-13 1.0E-12 1.3E-12
  919   44  16   1.2E-16 2.2E-16 6.3E-16 1.5E-15 5.8E-15 4.2E-14 2.4E-13 5.5E-13 8.8E-13 1.2E-12
  920   44  17   8.7E-16 1.6E-15 4.6E-15 1.0E-14 3.3E-14 1.6E-13 6.3E-13 1.2E-12 1.7E-12 2.2E-12
  921   44  18   1.8E-16 3.2E-16 8.3E-16 1.7E-15 5.4E-15 3.0E-14 1.5E-13 3.3E-13 5.3E-13 7.1E-13
  922   44  19   1.5E-15 2.7E-15 7.8E-15 1.7E-14 5.7E-14 3.0E-13 1.2E-12 2.3E-12 3.3E-12 4.3E-12
  923   44  20   9.3E-16 1.7E-15 4.7E-15 9.9E-15 3.0E-14 1.3E-13 4.1E-13 6.9E-13 9.4E-13 1.2E-12
  924   44  21   9.4E-16 1.8E-15 5.1E-15 1.2E-14 3.9E-14 2.1E-13 8.6E-13 1.7E-12 2.5E-12 3.2E-12
  925   44  22   3.5E-15 6.5E-15 1.8E-14 3.9E-14 1.2E-13 5.8E-13 2.1E-12 3.8E-12 5.4E-12 6.8E-12
  926   44  23   4.3E-16 8.4E-16 2.5E-15 5.9E-15 2.1E-14 1.1E-13 4.4E-13 8.1E-13 1.2E-12 1.5E-12
  927   44  24   1.3E-15 2.3E-15 6.5E-15 1.4E-14 4.5E-14 2.3E-13 8.9E-13 1.7E-12 2.4E-12 3.1E-12
  928   44  25   6.7E-15 1.2E-14 3.0E-14 5.9E-14 1.6E-13 6.0E-13 1.8E-12 3.0E-12 4.0E-12 4.9E-12
  929   44  26   2.1E-14 3.9E-14 1.0E-13 2.0E-13 5.4E-13 2.0E-12 5.6E-12 8.9E-12 1.2E-11 1.4E-11
  930   44  27   6.6E-15 1.2E-14 2.8E-14 5.2E-14 1.2E-13 4.1E-13 1.2E-12 2.1E-12 3.0E-12 3.7E-12
  931   44  28   2.0E-14 3.7E-14 9.3E-14 1.8E-13 4.9E-13 1.8E-12 5.2E-12 8.4E-12 1.1E-11 1.3E-11
  932   44  29   3.4E-15 5.7E-15 1.3E-14 2.5E-14 6.4E-14 2.5E-13 7.7E-13 1.3E-12 1.8E-12 2.3E-12
  933   44  30   6.2E-16 1.0E-15 2.3E-15 4.3E-15 1.1E-14 4.4E-14 1.7E-13 3.5E-13 5.3E-13 7.1E-13
  934   44  31   2.3E-14 4.0E-14 9.6E-14 1.8E-13 4.4E-13 1.4E-12 3.8E-12 5.9E-12 7.8E-12 9.5E-12
  935   44  32   2.7E-13 4.5E-13 9.7E-13 1.7E-12 3.6E-12 9.9E-12 2.2E-11 3.2E-11 4.0E-11 4.7E-11
  936   44  33   6.2E-15 1.1E-14 2.5E-14 4.5E-14 1.1E-13 3.3E-13 8.8E-13 1.4E-12 1.9E-12 2.4E-12
  937   44  34   1.2E-13 2.0E-13 4.0E-13 6.3E-13 1.2E-12 2.9E-12 6.2E-12 8.9E-12 1.1E-11 1.3E-11
  938   44  35   3.6E-14 5.7E-14 1.1E-13 1.8E-13 3.4E-13 8.7E-13 2.0E-12 3.1E-12 4.1E-12 4.9E-12
  939   44  36   9.0E-15 1.5E-14 3.2E-14 5.5E-14 1.2E-13 4.2E-13 1.3E-12 2.4E-12 3.5E-12 4.4E-12
  940   44  37   3.5E-13 5.5E-13 1.1E-12 1.8E-12 3.6E-12 9.4E-12 2.0E-11 2.8E-11 3.3E-11 3.8E-11
  941   44  38   3.9E-13 5.7E-13 1.0E-12 1.5E-12 2.7E-12 6.4E-12 1.3E-11 1.8E-11 2.1E-11 2.4E-11
  942   44  39   1.0E-13 1.6E-13 2.9E-13 4.5E-13 8.9E-13 2.3E-12 5.5E-12 8.5E-12 1.1E-11 1.4E-11
  943   44  40   1.9E-12 2.6E-12 4.0E-12 5.2E-12 7.3E-12 1.1E-11 1.6E-11 2.0E-11 2.4E-11 2.8E-11
  944   44  41   1.2E-11 1.6E-11 2.4E-11 3.1E-11 4.5E-11 7.7E-11 1.2E-10 1.4E-10 1.5E-10 1.6E-10
  945   44  42   6.0E-14 8.7E-14 1.6E-13 2.5E-13 4.8E-13 1.3E-12 3.0E-12 4.6E-12 6.1E-12 7.5E-12
  946   44  43   1.8E-14 2.7E-14 4.8E-14 7.9E-14 1.8E-13 6.7E-13 2.4E-12 4.5E-12 6.5E-12 8.5E-12
  947   45   1   1.3E-19 2.6E-19 8.5E-19 2.3E-18 9.8E-18 8.4E-17 6.8E-16 1.9E-15 3.4E-15 4.8E-15
  948   45   2   7.5E-19 1.4E-18 4.2E-18 1.1E-17 4.8E-17 4.4E-16 3.4E-15 8.9E-15 1.5E-14 2.1E-14
  949   45   3   1.2E-18 2.3E-18 6.8E-18 1.9E-17 9.0E-17 9.2E-16 7.1E-15 1.8E-14 3.0E-14 4.2E-14
  950   45   4   1.1E-17 2.0E-17 5.5E-17 1.4E-16 6.2E-16 5.4E-15 3.5E-14 8.1E-14 1.3E-13 1.8E-13
  951   45   5   1.7E-18 3.3E-18 1.1E-17 3.0E-17 1.5E-16 1.6E-15 1.3E-14 3.3E-14 5.6E-14 7.9E-14
  952   45   6   3.9E-18 7.5E-18 2.3E-17 6.6E-17 3.3E-16 3.4E-15 2.7E-14 7.0E-14 1.2E-13 1.7E-13
  953   45   7   2.5E-17 4.8E-17 1.5E-16 4.2E-16 1.9E-15 1.7E-14 1.1E-13 2.5E-13 4.1E-13 5.6E-13
  954   45   8   7.4E-18 1.5E-17 5.0E-17 1.4E-16 7.1E-16 7.1E-15 5.1E-14 1.3E-13 2.1E-13 2.9E-13
  955   45   9   1.4E-16 2.8E-16 8.9E-16 2.3E-15 9.7E-15 7.0E-14 3.7E-13 7.7E-13 1.2E-12 1.6E-12
  956   45  10   5.8E-17 1.2E-16 3.8E-16 1.0E-15 4.6E-15 3.9E-14 2.4E-13 5.6E-13 9.0E-13 1.2E-12
  957   45  11   1.9E-17 3.9E-17 1.2E-16 3.3E-16 1.4E-15 1.2E-14 7.5E-14 1.8E-13 2.9E-13 3.9E-13
  958   45  12   4.1E-16 8.2E-16 2.5E-15 6.3E-15 2.5E-14 1.6E-13 8.0E-13 1.7E-12 2.5E-12 3.3E-12
  959   45  13   5.4E-17 1.1E-16 3.4E-16 8.8E-16 3.7E-15 3.0E-14 1.9E-13 4.5E-13 7.4E-13 1.0E-12
  960   45  14   1.2E-16 2.4E-16 7.5E-16 2.0E-15 8.3E-15 6.3E-14 3.7E-13 8.4E-13 1.3E-12 1.8E-12
  961   45  15   4.3E-17 8.3E-17 2.5E-16 6.2E-16 2.5E-15 2.0E-14 1.2E-13 3.0E-13 4.9E-13 6.8E-13
  962   45  16   2.1E-15 4.4E-15 1.3E-14 3.2E-14 1.1E-13 6.2E-13 2.4E-12 4.5E-12 6.4E-12 8.1E-12
  963   45  17   9.3E-16 1.8E-15 5.3E-15 1.3E-14 4.5E-14 2.7E-13 1.2E-12 2.5E-12 3.7E-12 4.9E-12
  964   45  18   3.1E-16 6.0E-16 1.8E-15 4.3E-15 1.6E-14 1.1E-13 6.0E-13 1.3E-12 2.1E-12 2.8E-12
  965   45  19   1.1E-16 2.0E-16 5.4E-16 1.2E-15 4.6E-15 3.2E-14 1.9E-13 4.4E-13 7.1E-13 9.6E-13
  966   45  20   5.9E-15 1.1E-14 3.1E-14 6.7E-14 2.1E-13 9.9E-13 3.5E-12 6.2E-12 8.7E-12 1.1E-11
  967   45  21   2.1E-15 3.8E-15 1.0E-14 2.3E-14 7.7E-14 4.2E-13 1.8E-12 3.5E-12 5.1E-12 6.7E-12
  968   45  22   8.6E-16 1.5E-15 3.7E-15 7.8E-15 2.5E-14 1.3E-13 5.8E-13 1.2E-12 1.9E-12 2.5E-12
  969   45  23   3.7E-14 7.0E-14 1.8E-13 3.7E-13 1.1E-12 4.1E-12 1.2E-11 1.9E-11 2.5E-11 3.0E-11
  970   45  24   2.1E-16 3.8E-16 9.5E-16 2.1E-15 7.1E-15 4.6E-14 2.5E-13 5.7E-13 9.2E-13 1.2E-12
  971   45  25   1.5E-14 2.6E-14 6.3E-14 1.2E-13 3.5E-13 1.4E-12 4.7E-12 8.0E-12 1.1E-11 1.4E-11
  972   45  26   1.6E-15 2.8E-15 6.7E-15 1.4E-14 4.0E-14 2.0E-13 8.5E-13 1.8E-12 2.7E-12 3.6E-12
  973   45  27   5.1E-15 8.7E-15 2.0E-14 3.9E-14 1.1E-13 4.9E-13 1.9E-12 3.7E-12 5.5E-12 7.1E-12
  974   45  28   1.8E-15 3.1E-15 7.1E-15 1.4E-14 4.2E-14 2.2E-13 9.6E-13 2.0E-12 3.0E-12 4.0E-12
  975   45  29   9.0E-14 1.6E-13 3.4E-13 6.2E-13 1.5E-12 4.6E-12 1.1E-11 1.7E-11 2.2E-11 2.5E-11
  976   45  30   2.4E-16 4.2E-16 1.1E-15 2.4E-15 8.3E-15 5.5E-14 3.1E-13 7.1E-13 1.1E-12 1.6E-12
  977   45  31   4.1E-14 6.6E-14 1.3E-13 2.3E-13 5.5E-13 1.9E-12 5.3E-12 8.8E-12 1.2E-11 1.5E-11
  978   45  32   9.2E-15 1.5E-14 3.2E-14 5.9E-14 1.5E-13 6.2E-13 2.2E-12 4.1E-12 5.9E-12 7.5E-12
  979   45  33   7.8E-13 1.3E-12 2.8E-12 4.8E-12 1.0E-11 2.7E-11 5.7E-11 8.0E-11 9.8E-11 1.1E-10
  980   45  34   3.7E-13 5.6E-13 1.0E-12 1.5E-12 2.8E-12 6.9E-12 1.5E-11 2.1E-11 2.6E-11 3.0E-11
  981   45  35   1.8E-15 3.1E-15 7.4E-15 1.5E-14 4.5E-14 2.3E-13 9.7E-13 1.9E-12 2.9E-12 3.8E-12
  982   45  36   1.2E-16 2.2E-16 6.0E-16 1.4E-15 5.5E-15 4.2E-14 2.7E-13 6.5E-13 1.1E-12 1.5E-12
  983   45  37   4.7E-14 7.6E-14 1.5E-13 2.5E-13 5.6E-13 1.8E-12 4.9E-12 7.9E-12 1.1E-11 1.3E-11
  984   45  38   4.5E-15 7.6E-15 1.7E-14 3.2E-14 8.8E-14 3.9E-13 1.5E-12 3.0E-12 4.5E-12 5.9E-12
  985   45  39   3.7E-12 5.3E-12 8.2E-12 1.1E-11 1.7E-11 2.8E-11 4.2E-11 5.0E-11 5.5E-11 5.8E-11
  986   45  40   2.3E-13 3.6E-13 6.8E-13 1.1E-12 2.1E-12 5.3E-12 1.1E-11 1.5E-11 1.8E-11 2.1E-11
  987   45  41   4.3E-15 7.5E-15 1.8E-14 3.5E-14 1.0E-13 4.7E-13 1.9E-12 3.8E-12 5.7E-12 7.5E-12
  988   45  42   3.1E-16 6.6E-16 2.2E-15 5.5E-15 2.1E-14 1.5E-13 8.5E-13 1.9E-12 3.1E-12 4.3E-12
  989   45  43   1.2E-17 2.9E-17 1.3E-16 4.6E-16 2.7E-15 3.3E-14 3.1E-13 8.7E-13 1.6E-12 2.2E-12
  990   45  44   8.4E-15 1.5E-14 3.7E-14 7.2E-14 2.0E-13 8.1E-13 2.7E-12 5.0E-12 7.2E-12 9.2E-12
